[
    {
        "d": 1,
        "eps_d": 0.0,
        "matrix": [
            [
                0.6973292218316169,
                0.0,
                0.0,
                0.0,
                0.0,
                0.0,
                0.0,
                0.0
            ],
            [
                0.0,
                0.09989106537391756,
                -0.09917383956939281,
                0.0,
                0.09514969044978425,
                0.0,
                0.0,
                0.0
            ],
            [
                0.0,
                -0.09917383956939281,
                0.10087195719856362,
                0.0,
                -0.09917383956937173,
                0.0,
                0.0,
                0.0
            ],
            [
                0.0,
                0.0,
                0.0,
                0.00034525559582328225,
                0.0,
                -0.0006743161498027617,
                0.00034060662440303646,
                0.0
            ],
            [
                0.0,
                0.09514969044978425,
                -0.09917383956937173,
                0.0,
                0.09989106537375692,
                0.0,
                0.0,
                0.0
            ],
            [
                0.0,
                0.0,
                0.0,
                -0.0006743161498027617,
                0.0,
                0.0013261474205848028,
                -0.0006743161498687922,
                0.0
            ],
            [
                0.0,
                0.0,
                0.0,
                0.00034060662440303646,
                0.0,
                -0.0006743161498687922,
                0.00034525559582403165,
                0.0
            ],
            [
                0.0,
                0.0,
                0.0,
                0.0,
                0.0,
                0.0,
                0.0,
                3.16099128400138e-08
            ]
        ]
    },
    {
        "d": 1,
        "eps_d": 0.1,
        "matrix": [
            [
                0.5556189705932031,
                0.0,
                0.0,
                0.0,
                0.0,
                -6.938893903907228e-18,
                0.0,
                0.0
            ],
            [
                0.0,
                0.14261121809963592,
                -0.14769278562583515,
                0.0,
                0.13797753947061941,
                0.0,
                0.0,
                0.0
            ],
            [
                0.0,
                -0.14769278562583515,
                0.15550807778206288,
                0.0,
                -0.14769278562574067,
                0.0,
                0.0,
                -6.938893903907228e-18
            ],
            [
                0.0,
                0.0,
                0.0,
                0.000655192659340947,
                0.0,
                -0.0012317090319861612,
                0.0006416933269513883,
                0.0
            ],
            [
                0.0,
                0.13797753947061941,
                -0.14769278562574067,
                0.0,
                0.14261121809951943,
                0.0,
                0.0,
                6.938893903907228e-18
            ],
            [
                -6.938893903907228e-18,
                0.0,
                0.0,
                -0.0012317090319861612,
                0.0,
                0.0023400175269232323,
                -0.001231709031956893,
                0.0
            ],
            [
                0.0,
                0.0,
                0.0,
                0.0006416933269513883,
                0.0,
                -0.001231709031956893,
                0.0006551926593422793,
                0.0
            ],
            [
                0.0,
                0.0,
                -6.938893903907228e-18,
                0.0,
                6.938893903907228e-18,
                0.0,
                0.0,
                1.1257997222825777e-07
            ]
        ]
    },
    {
        "d": 1,
        "eps_d": 0.2,
        "matrix": [
            [
                0.4401233751953846,
                0.0,
                0.0,
                0.0,
                0.0,
                -6.938893903907228e-18,
                0.0,
                0.0
            ],
            [
                0.0,
                0.17552692269823733,
                -0.18753072192374293,
                0.0,
                0.1709271976176095,
                0.0,
                0.0,
                0.0
            ],
            [
                0.0,
                -0.18753072192374293,
                0.2030513543305684,
                0.0,
                -0.18753072192361664,
                0.0,
                0.0,
                0.0
            ],
            [
                0.0,
                0.0,
                0.0,
                0.0010751705925889608,
                0.0,
                -0.001959881736861735,
                0.0010469171214552292,
                0.0
            ],
            [
                0.0,
                0.1709271976176095,
                -0.18753072192361664,
                0.0,
                0.17552692269804462,
                0.0,
                0.0,
                -6.938893903907228e-18
            ],
            [
                -6.938893903907228e-18,
                0.0,
                0.0,
                -0.001959881736861735,
                0.0,
                0.0036207886158341716,
                -0.001959881736843236,
                0.0
            ],
            [
                0.0,
                0.0,
                0.0,
                0.0010469171214552292,
                0.0,
                -0.001959881736843236,
                0.0010751705925916323,
                0.0
            ],
            [
                0.0,
                0.0,
                0.0,
                0.0,
                -6.938893903907228e-18,
                0.0,
                0.0,
                2.9527675030407985e-07
            ]
        ]
    },
    {
        "d": 1,
        "eps_d": 0.30000000000000004,
        "matrix": [
            [
                0.35429393853735547,
                0.0,
                0.0,
                0.0,
                0.0,
                1.3877787807814457e-17,
                0.0,
                0.0
            ],
            [
                0.0,
                0.19837566570983478,
                -0.21704795906082647,
                0.0,
                0.19361349979813194,
                0.0,
                0.0,
                0.0
            ],
            [
                0.0,
                -0.21704795906082647,
                0.24040606733836944,
                0.0,
                -0.21704795906084157,
                0.0,
                0.0,
                6.938893903907228e-18
            ],
            [
                0.0,
                0.0,
                0.0,
                0.0016395908969265155,
                0.0,
                -0.0029174035438310764,
                0.0015917756445798029,
                0.0
            ],
            [
                0.0,
                0.19361349979813194,
                -0.21704795906084157,
                0.0,
                0.19837566570986082,
                0.0,
                0.0,
                0.0
            ],
            [
                1.3877787807814457e-17,
                0.0,
                0.0,
                -0.0029174035438310764,
                0.0,
                0.005268838212277971,
                -0.0029174035438317425,
                0.0
            ],
            [
                0.0,
                0.0,
                0.0,
                0.0015917756445798029,
                0.0,
                -0.0029174035438317425,
                0.001639590896926113,
                0.0
            ],
            [
                0.0,
                0.0,
                6.938893903907228e-18,
                0.0,
                0.0,
                0.0,
                0.0,
                6.426984489743548e-07
            ]
        ]
    },
    {
        "d": 1,
        "eps_d": 0.4,
        "matrix": [
            [
                0.2907253788541857,
                0.0,
                0.0,
                0.0,
                0.0,
                6.938893903907228e-18,
                0.0,
                0.0
            ],
            [
                0.0,
                0.2138874138893479,
                -0.23842325878707613,
                0.0,
                0.20869973184736237,
                0.0,
                0.0,
                0.0
            ],
            [
                0.0,
                -0.23842325878707613,
                0.2690852644334241,
                0.0,
                -0.23842325878706475,
                0.0,
                0.0,
                0.0
            ],
            [
                0.0,
                0.0,
                0.0,
                0.0024363232323735204,
                0.0,
                -0.004254406900659764,
                0.0023652142170094287,
                0.0
            ],
            [
                0.0,
                0.20869973184736237,
                -0.23842325878706475,
                0.0,
                0.21388741388931487,
                0.0,
                0.0,
                0.0
            ],
            [
                6.938893903907228e-18,
                0.0,
                0.0,
                -0.004254406900659764,
                0.0,
                0.00754061360499509,
                -0.004254406900672525,
                0.0
            ],
            [
                0.0,
                0.0,
                0.0,
                0.0023652142170094287,
                0.0,
                -0.004254406900672525,
                0.0024363232323765596,
                0.0
            ],
            [
                0.0,
                0.0,
                0.0,
                0.0,
                0.0,
                0.0,
                0.0,
                1.268863982224755e-06
            ]
        ]
    },
    {
        "d": 1,
        "eps_d": 0.5,
        "matrix": [
            [
                0.24250384544533393,
                0.0,
                0.0,
                1.3877787807814457e-17,
                0.0,
                0.0,
                0.0,
                0.0
            ],
            [
                0.0,
                0.2242485213099649,
                -0.25365259065987233,
                0.0,
                0.2182760862477272,
                0.0,
                0.0,
                0.0
            ],
            [
                0.0,
                -0.25365259065987233,
                0.2908378532098779,
                0.0,
                -0.2536525906598443,
                0.0,
                0.0,
                0.0
            ],
            [
                1.3877787807814457e-17,
                0.0,
                0.0,
                0.0036301353209095624,
                0.0,
                -0.006247008674393872,
                0.003532679721175158,
                0.0
            ],
            [
                0.0,
                0.2182760862477272,
                -0.2536525906598443,
                0.0,
                0.22424852130989695,
                0.0,
                0.0,
                0.0
            ],
            [
                0.0,
                0.0,
                0.0,
                -0.006247008674393872,
                0.0,
                0.010898587926354099,
                -0.006247008674415584,
                0.0
            ],
            [
                0.0,
                0.0,
                0.0,
                0.003532679721175158,
                0.0,
                -0.006247008674415584,
                0.0036301353209161405,
                0.0
            ],
            [
                0.0,
                0.0,
                0.0,
                0.0,
                0.0,
                0.0,
                0.0,
                2.400156746601434e-06
            ]
        ]
    },
    {
        "d": 1,
        "eps_d": 0.6000000000000001,
        "matrix": [
            [
                0.20469881918026828,
                0.0,
                0.0,
                0.0,
                0.0,
                0.0,
                1.3877787807814457e-17,
                0.0
            ],
            [
                0.0,
                0.23070251266798306,
                -0.2638443427681001,
                0.0,
                0.22340707379649705,
                0.0,
                0.0,
                -1.3877787807814457e-17
            ],
            [
                0.0,
                -0.2638443427681001,
                0.30665184445865534,
                0.0,
                -0.26384434276802554,
                0.0,
                0.0,
                0.0
            ],
            [
                0.0,
                0.0,
                0.0,
                0.005527700768859695,
                0.0,
                -0.009403377518031372,
                0.005401330453854769,
                0.0
            ],
            [
                0.0,
                0.22340707379649705,
                -0.26384434276802554,
                0.0,
                0.2307025126679019,
                0.0,
                0.0,
                0.0
            ],
            [
                0.0,
                0.0,
                0.0,
                -0.009403377518031372,
                0.0,
                0.01618440566612908,
                -0.009403377518016287,
                0.0
            ],
            [
                1.3877787807814457e-17,
                0.0,
                0.0,
                0.005401330453854769,
                0.0,
                -0.009403377518016287,
                0.005527700768869687,
                0.0
            ],
            [
                0.0,
                -1.3877787807814457e-17,
                0.0,
                0.0,
                0.0,
                0.0,
                0.0,
                4.503821332949021e-06
            ]
        ]
    },
    {
        "d": 1,
        "eps_d": 0.7000000000000001,
        "matrix": [
            [
                0.17383495580408725,
                0.0,
                0.0,
                0.0,
                0.0,
                6.938893903907228e-18,
                0.0,
                0.0
            ],
            [
                0.0,
                0.23364064002967644,
                -0.26914140569080985,
                0.0,
                0.22416554785537796,
                0.0,
                0.0,
                0.0
            ],
            [
                0.0,
                -0.26914140569080985,
                0.3165127933855965,
                0.0,
                -0.2691414056907938,
                0.0,
                0.0,
                0.0
            ],
            [
                0.0,
                0.0,
                0.0,
                0.008704551739715433,
                0.0,
                -0.014669889695327398,
                0.008547374823606638,
                0.0
            ],
            [
                0.0,
                0.22416554785537796,
                -0.2691414056907938,
                0.0,
                0.2336406400296544,
                0.0,
                0.0,
                0.0
            ],
            [
                6.938893903907228e-18,
                0.0,
                0.0,
                -0.014669889695327398,
                0.0,
                0.02495330014671318,
                -0.0146698896953259,
                0.0
            ],
            [
                0.0,
                0.0,
                0.0,
                0.008547374823606638,
                0.0,
                -0.0146698896953259,
                0.008704551739717181,
                0.0
            ],
            [
                0.0,
                0.0,
                0.0,
                0.0,
                0.0,
                0.0,
                0.0,
                8.567124839584106e-06
            ]
        ]
    },
    {
        "d": 1,
        "eps_d": 0.8,
        "matrix": [
            [
                0.14731408819040254,
                0.0,
                0.0,
                0.0,
                0.0,
                0.0,
                -6.938893903907228e-18,
                0.0
            ],
            [
                0.0,
                0.23261224716454731,
                -0.26862485240595885,
                0.0,
                0.21961402828800292,
                0.0,
                0.0,
                0.0
            ],
            [
                0.0,
                -0.26862485240595885,
                0.3191906083866577,
                0.0,
                -0.2686248524059852,
                0.0,
                0.0,
                0.0
            ],
            [
                0.0,
                0.0,
                0.0,
                0.014176060050920536,
                0.0,
                -0.023702041469093944,
                0.013987637271828252,
                0.0
            ],
            [
                0.0,
                0.21961402828800292,
                -0.2686248524059852,
                0.0,
                0.23261224716462942,
                0.0,
                0.0,
                0.0
            ],
            [
                0.0,
                0.0,
                0.0,
                -0.023702041469093944,
                0.0,
                0.03990206355879186,
                -0.023702041469054573,
                0.0
            ],
            [
                -6.938893903907228e-18,
                0.0,
                0.0,
                0.013987637271828252,
                0.0,
                -0.023702041469054573,
                0.014176060050905576,
                0.0
            ],
            [
                0.0,
                0.0,
                0.0,
                0.0,
                0.0,
                0.0,
                0.0,
                1.6625433145164847e-05
            ]
        ]
    },
    {
        "d": 1,
        "eps_d": 0.9,
        "matrix": [
            [
                0.12323977635485231,
                0.0,
                0.0,
                0.0,
                0.0,
                6.938893903907228e-18,
                2.0816681711721685e-17,
                0.0
            ],
            [
                0.0,
                0.22648864046480963,
                -0.2605696978187466,
                0.0,
                0.20816958815416758,
                0.0,
                0.0,
                -1.3877787807814457e-17
            ],
            [
                0.0,
                -0.2605696978187466,
                0.3124752028744773,
                0.0,
                -0.2605696978188617,
                0.0,
                0.0,
                0.0
            ],
            [
                0.0,
                0.0,
                0.0,
                0.02333269778379167,
                0.0,
                -0.03873254290218505,
                0.023115370823232957,
                0.0
            ],
            [
                0.0,
                0.20816958815416758,
                -0.2605696978188617,
                0.0,
                0.22648864046493675,
                0.0,
                0.0,
                0.0
            ],
            [
                6.938893903907228e-18,
                0.0,
                0.0,
                -0.03873254290218505,
                0.0,
                0.0646100395737357,
                -0.03873254290220051,
                0.0
            ],
            [
                2.0816681711721685e-17,
                0.0,
                0.0,
                0.023115370823232957,
                0.0,
                -0.03873254290220051,
                0.023332697783767717,
                0.0
            ],
            [
                0.0,
                -1.3877787807814457e-17,
                0.0,
                0.0,
                0.0,
                0.0,
                0.0,
                3.230469962899052e-05
            ]
        ]
    },
    {
        "d": 1,
        "eps_d": 1.0,
        "matrix": [
            [
                0.10087039259452854,
                0.0,
                0.0,
                0.0,
                0.0,
                0.0,
                0.0,
                0.0
            ],
            [
                0.0,
                0.21456882826376797,
                -0.2441683551976932,
                0.0,
                0.18939879053436984,
                0.0,
                0.0,
                0.0
            ],
            [
                0.0,
                -0.2441683551976932,
                0.29522326730640464,
                0.0,
                -0.24416835519778124,
                0.0,
                0.0,
                0.0
            ],
            [
                0.0,
                0.0,
                0.0,
                0.036953607161650186,
                0.0,
                -0.06092696334957162,
                0.03671301180929997,
                0.0
            ],
            [
                0.0,
                0.18939879053436984,
                -0.24416835519778124,
                0.0,
                0.21456882826387974,
                0.0,
                0.0,
                0.0
            ],
            [
                0.0,
                0.0,
                0.0,
                -0.06092696334957162,
                0.0,
                0.10080143385084345,
                -0.06092696334956543,
                0.0
            ],
            [
                0.0,
                0.0,
                0.0,
                0.03671301180929997,
                0.0,
                -0.06092696334956543,
                0.036953607161626344,
                0.0
            ],
            [
                0.0,
                0.0,
                0.0,
                0.0,
                0.0,
                0.0,
                0.0,
                6.00353972990339e-05
            ]
        ]
    },
    {
        "d": 1,
        "eps_d": 1.1,
        "matrix": [
            [
                0.08087919803303252,
                0.0,
                0.0,
                1.3877787807814457e-17,
                0.0,
                -6.938893903907228e-18,
                6.938893903907228e-18,
                0.0
            ],
            [
                0.0,
                0.1981941693829002,
                -0.2217881717473401,
                0.0,
                0.16603915197323288,
                0.0,
                0.0,
                -6.938893903907228e-18
            ],
            [
                0.0,
                -0.2217881717473401,
                0.270158679834385,
                0.0,
                -0.22178817174737264,
                0.0,
                0.0,
                0.0
            ],
            [
                1.3877787807814457e-17,
                0.0,
                0.0,
                0.05383191389391713,
                0.0,
                -0.08817597969856783,
                0.05357465373675983,
                0.0
            ],
            [
                0.0,
                0.16603915197323288,
                -0.22178817174737264,
                0.0,
                0.19819416938293333,
                0.0,
                0.0,
                -1.3877787807814457e-17
            ],
            [
                -6.938893903907228e-18,
                0.0,
                0.0,
                -0.08817597969856783,
                0.0,
                0.14480767705696257,
                -0.08817597969857852,
                0.0
            ],
            [
                6.938893903907228e-18,
                0.0,
                0.0,
                0.05357465373675983,
                0.0,
                -0.08817597969857852,
                0.053831913893916575,
                0.0
            ],
            [
                0.0,
                -6.938893903907228e-18,
                0.0,
                0.0,
                -1.3877787807814457e-17,
                0.0,
                0.0,
                0.00010227852195268672
            ]
        ]
    },
    {
        "d": 1,
        "eps_d": 1.2000000000000002,
        "matrix": [
            [
                0.06420718050685487,
                0.0,
                0.0,
                1.3877787807814457e-17,
                0.0,
                6.938893903907228e-18,
                -6.938893903907228e-18,
                0.0
            ],
            [
                0.0,
                0.180150068490797,
                -0.19769794001569302,
                0.0,
                0.14234617893611462,
                0.0,
                0.0,
                0.0
            ],
            [
                0.0,
                -0.19769794001569302,
                0.24244083755102036,
                0.0,
                -0.19769794001573304,
                0.0,
                0.0,
                0.0
            ],
            [
                1.3877787807814457e-17,
                0.0,
                0.0,
                0.07150692441373424,
                0.0,
                -0.11640054944858222,
                0.07123733836141613,
                0.0
            ],
            [
                0.0,
                0.14234617893611462,
                -0.19769794001573304,
                0.0,
                0.18015006849083,
                0.0,
                0.0,
                -1.3877787807814457e-17
            ],
            [
                6.938893903907228e-18,
                0.0,
                0.0,
                -0.11640054944858222,
                0.0,
                0.18987926931673216,
                -0.11640054944859768,
                0.0
            ],
            [
                -6.938893903907228e-18,
                0.0,
                0.0,
                0.07123733836141613,
                0.0,
                -0.11640054944859768,
                0.07150692441372941,
                0.0
            ],
            [
                0.0,
                0.0,
                0.0,
                0.0,
                -1.3877787807814457e-17,
                0.0,
                0.0,
                0.00015872681630189206
            ]
        ]
    },
    {
        "d": 1,
        "eps_d": 1.3,
        "matrix": [
            [
                0.050873519541305846,
                0.0,
                0.0,
                0.0,
                0.0,
                1.734723475976807e-18,
                -6.938893903907228e-18,
                0.0
            ],
            [
                0.0,
                0.16242885410787658,
                -0.17470976474841227,
                0.0,
                0.12080226655224077,
                0.0,
                0.0,
                6.938893903907228e-18
            ],
            [
                0.0,
                -0.17470976474841227,
                0.2155896845238944,
                0.0,
                -0.17470976474842417,
                0.0,
                0.0,
                -1.734723475976807e-18
            ],
            [
                0.0,
                0.0,
                0.0,
                0.08834622720762822,
                0.0,
                -0.14295396474821734,
                0.08805719366519713,
                0.0
            ],
            [
                0.0,
                0.12080226655224077,
                -0.17470976474842417,
                0.0,
                0.1624288541078915,
                0.0,
                0.0,
                0.0
            ],
            [
                1.734723475976807e-18,
                0.0,
                0.0,
                -0.14295396474821734,
                0.0,
                0.23175013541315367,
                -0.1429539647482191,
                0.0
            ],
            [
                -6.938893903907228e-18,
                0.0,
                0.0,
                0.08805719366519713,
                0.0,
                -0.1429539647482191,
                0.08834622720762496,
                0.0
            ],
            [
                0.0,
                6.938893903907228e-18,
                -1.734723475976807e-18,
                0.0,
                0.0,
                0.0,
                0.0,
                0.00023649789062483127
            ]
        ]
    },
    {
        "d": 1,
        "eps_d": 1.4000000000000001,
        "matrix": [
            [
                0.04067597873980826,
                0.0,
                0.0,
                0.0,
                0.0,
                1.043544591017298e-18,
                -3.469446951953614e-18,
                0.0
            ],
            [
                0.0,
                0.14648392865272988,
                -0.15463755417339028,
                0.0,
                0.10279828755712189,
                0.0,
                0.0,
                3.469446951953614e-18
            ],
            [
                0.0,
                -0.15463755417339028,
                0.1919022489228335,
                0.0,
                -0.15463755417346486,
                0.0,
                0.0,
                -1.043544591017298e-18
            ],
            [
                0.0,
                0.0,
                0.0,
                0.10320150390584099,
                0.0,
                -0.16607936430365805,
                0.10289981268513254,
                0.0
            ],
            [
                0.0,
                0.10279828755712189,
                -0.15463755417346486,
                0.0,
                0.1464839286528532,
                0.0,
                0.0,
                0.0
            ],
            [
                1.043544591017298e-18,
                0.0,
                0.0,
                -0.16607936430365805,
                0.0,
                0.26772689351972273,
                -0.16607936430360007,
                0.0
            ],
            [
                -3.469446951953614e-18,
                0.0,
                0.0,
                0.10289981268513254,
                0.0,
                -0.16607936430360007,
                0.10320150390578435,
                0.0
            ],
            [
                0.0,
                3.469446951953614e-18,
                -1.043544591017298e-18,
                0.0,
                0.0,
                0.0,
                0.0,
                0.0003240137004271483
            ]
        ]
    },
    {
        "d": 1,
        "eps_d": 1.5,
        "matrix": [
            [
                0.03280908750670845,
                0.0,
                0.0,
                0.0,
                0.0,
                1.734723475976807e-18,
                -8.673617379884035e-18,
                0.0
            ],
            [
                0.0,
                0.1323180897282634,
                -0.1372890157836888,
                0.0,
                0.08784905946804177,
                0.0,
                0.0,
                8.673617379884035e-18
            ],
            [
                0.0,
                -0.1372890157836888,
                0.171265128315885,
                0.0,
                -0.1372890157836872,
                0.0,
                0.0,
                -1.734723475976807e-18
            ],
            [
                0.0,
                0.0,
                0.0,
                0.11622391997906992,
                0.0,
                -0.18607982913362833,
                0.1159067106591334,
                0.0
            ],
            [
                0.0,
                0.08784905946804177,
                -0.1372890157836872,
                0.0,
                0.13231808972825246,
                0.0,
                0.0,
                0.0
            ],
            [
                1.734723475976807e-18,
                0.0,
                0.0,
                -0.18607982913362833,
                0.0,
                0.2984118231850218,
                -0.1860798291336354,
                0.0
            ],
            [
                -8.673617379884035e-18,
                0.0,
                0.0,
                0.1159067106591334,
                0.0,
                -0.1860798291336354,
                0.11622391997907497,
                0.0
            ],
            [
                0.0,
                8.673617379884035e-18,
                -1.734723475976807e-18,
                0.0,
                0.0,
                0.0,
                0.0,
                0.0004299415777240592
            ]
        ]
    },
    {
        "d": 1,
        "eps_d": 1.6,
        "matrix": [
            [
                0.026714278309586705,
                0.0,
                0.0,
                0.0,
                0.0,
                -3.469446951953614e-18,
                0.0,
                0.0
            ],
            [
                0.0,
                0.11986736064863308,
                -0.12242253857988061,
                0.0,
                0.07551302428493036,
                0.0,
                0.0,
                0.0
            ],
            [
                0.0,
                -0.12242253857988061,
                0.1534624847741634,
                0.0,
                -0.12242253857989122,
                0.0,
                0.0,
                3.469446951953614e-18
            ],
            [
                0.0,
                0.0,
                0.0,
                0.12756717649738758,
                0.0,
                -0.2032609824508717,
                0.12723014911267969,
                0.0
            ],
            [
                0.0,
                0.07551302428493036,
                -0.12242253857989122,
                0.0,
                0.11986736064865001,
                0.0,
                0.0,
                0.0
            ],
            [
                -3.469446951953614e-18,
                0.0,
                0.0,
                -0.2032609824508717,
                0.0,
                0.3243945882343497,
                -0.2032609824508645,
                0.0
            ],
            [
                0.0,
                0.0,
                0.0,
                0.12723014911267969,
                0.0,
                -0.2032609824508645,
                0.12756717649737942,
                0.0
            ],
            [
                0.0,
                0.0,
                3.469446951953614e-18,
                0.0,
                0.0,
                0.0,
                0.0,
                0.000559574389850083
            ]
        ]
    },
    {
        "d": 1,
        "eps_d": 1.7000000000000002,
        "matrix": [
            [
                0.021953978040742547,
                0.0,
                0.0,
                0.0,
                0.0,
                0.0,
                3.469446951953614e-18,
                0.0
            ],
            [
                0.0,
                0.10895471500525312,
                -0.10969074567582524,
                0.0,
                0.06531931053195639,
                0.0,
                0.0,
                -3.469446951953614e-18
            ],
            [
                0.0,
                -0.10969074567582524,
                0.13812776785758207,
                0.0,
                -0.10969074567583861,
                0.0,
                0.0,
                0.0
            ],
            [
                0.0,
                0.0,
                0.0,
                0.13745171324825656,
                0.0,
                -0.21801971586471694,
                0.13708901045448324,
                0.0
            ],
            [
                0.0,
                0.06531931053195639,
                -0.10969074567583861,
                0.0,
                0.10895471500526911,
                0.0,
                0.0,
                0.0
            ],
            [
                0.0,
                0.0,
                0.0,
                -0.21801971586471694,
                0.0,
                0.34638449484618467,
                -0.21801971586471097,
                0.0
            ],
            [
                3.469446951953614e-18,
                0.0,
                0.0,
                0.13708901045448324,
                0.0,
                -0.21801971586471097,
                0.1374517132482473,
                0.0
            ],
            [
                0.0,
                -3.469446951953614e-18,
                0.0,
                0.0,
                0.0,
                0.0,
                0.0,
                0.000720902748464633
            ]
        ]
    },
    {
        "d": 1,
        "eps_d": 1.8,
        "matrix": [
            [
                0.018200397283899238,
                0.0,
                0.0,
                0.0,
                0.0,
                0.0,
                0.0,
                0.0
            ],
            [
                0.0,
                0.09937996891178444,
                -0.0987538441444803,
                0.0,
                0.056855623206256145,
                0.0,
                0.0,
                0.0
            ],
            [
                0.0,
                -0.0987538441444803,
                0.1248873899727303,
                0.0,
                -0.0987538441445074,
                0.0,
                0.0,
                0.0
            ],
            [
                0.0,
                0.0,
                0.0,
                0.14609478893112818,
                0.0,
                -0.2307335682100008,
                0.1456985418751468,
                0.0
            ],
            [
                0.0,
                0.056855623206256145,
                -0.0987538441445074,
                0.0,
                0.0993799689118231,
                0.0,
                0.0,
                0.0
            ],
            [
                0.0,
                0.0,
                0.0,
                -0.2307335682100008,
                0.0,
                0.3650368850254949,
                -0.23073356820997598,
                0.0
            ],
            [
                0.0,
                0.0,
                0.0,
                0.1456985418751468,
                0.0,
                -0.23073356820997598,
                0.14609478893109637,
                0.0
            ],
            [
                0.0,
                0.0,
                0.0,
                0.0,
                0.0,
                0.0,
                0.0,
                0.0009258120320434562
            ]
        ]
    },
    {
        "d": 1,
        "eps_d": 1.9000000000000001,
        "matrix": [
            [
                0.015211294853855535,
                0.0,
                0.0,
                0.0,
                0.0,
                0.0,
                0.0,
                0.0
            ],
            [
                0.0,
                0.09095365948253248,
                -0.08931448354843788,
                0.0,
                0.04978468046371637,
                0.0,
                0.0,
                0.0
            ],
            [
                0.0,
                -0.08931448354843788,
                0.11340800919991667,
                0.0,
                -0.0893144835484497,
                0.0,
