[
    {
        "d": 1,
        "eps_d": 0.0,
        "matrix": [
            [
                1.0000000000000027,
                0.0,
                0.0,
                0.0,
                0.0,
                2.246404687133272e-30,
                4.930380657631324e-32,
                0.0
            ],
            [
                0.0,
                8.326672684688674e-17,
                5.412337245047645e-16,
                0.0,
                -5.898059818321126e-16,
                0.0,
                0.0,
                0.0
            ],
            [
                0.0,
                5.412337245047645e-16,
                -8.604228440844963e-16,
                0.0,
                1.3912482277333981e-15,
                0.0,
                0.0,
                2.289545517887546e-30
            ],
            [
                0.0,
                0.0,
                0.0,
                -2.7755575615628914e-17,
                0.0,
                2.1163626406916618e-16,
                -6.869504964868136e-16,
                0.0
            ],
            [
                0.0,
                -5.898059818321126e-16,
                1.3912482277333981e-15,
                0.0,
                -1.8041124150158794e-15,
                0.0,
                0.0,
                0.0
            ],
            [
                2.246404687133272e-30,
                0.0,
                0.0,
                2.1163626406916618e-16,
                0.0,
                -2.7755575615628914e-17,
                0.0,
                0.0
            ],
            [
                4.930380657631324e-32,
                0.0,
                0.0,
                -6.869504964868136e-16,
                0.0,
                0.0,
                2.7755575615628914e-17,
                0.0
            ],
            [
                0.0,
                0.0,
                2.289545517887546e-30,
                0.0,
                0.0,
                0.0,
                0.0,
                -2.7755575615628914e-17
            ]
        ]
    },
    {
        "d": 1,
        "eps_d": 0.1,
        "matrix": [
            [
                0.999999999999964,
                0.0,
                0.0,
                0.0,
                0.0,
                -1.0255191767873153e-29,
                0.0,
                0.0
            ],
            [
                0.0,
                1.1227130336521896e-14,
                -1.1705914015891477e-14,
                0.0,
                1.1161210844434783e-14,
                0.0,
                0.0,
                0.0
            ],
            [
                0.0,
                -1.1705914015891477e-14,
                1.2420620087993939e-14,
                0.0,
                -1.2038980923279038e-14,
                0.0,
                0.0,
                -9.860761315262648e-30
            ],
            [
                0.0,
                0.0,
                0.0,
                0.0,
                0.0,
                -2.151057110211083e-16,
                5.898059818320631e-17,
                0.0
            ],
            [
                0.0,
                1.1161210844434783e-14,
                -1.2038980923279038e-14,
                0.0,
                1.2309597785531423e-14,
                0.0,
                0.0,
                0.0
            ],
            [
                -1.0255191767873153e-29,
                0.0,
                0.0,
                -2.151057110211083e-16,
                0.0,
                0.0,
                0.0,
                0.0
            ],
            [
                0.0,
                0.0,
                0.0,
                5.898059818320631e-17,
                0.0,
                0.0,
                0.0,
                0.0
            ],
            [
                0.0,
                0.0,
                -9.860761315262648e-30,
                0.0,
                0.0,
                0.0,
                0.0,
                0.0
            ]
        ]
    },
    {
        "d": 1,
        "eps_d": 0.2,
        "matrix": [
            [
                1.000000000000091,
                0.0,
                0.0,
                0.0,
                0.0,
                0.0,
                0.0,
                0.0
            ],
            [
                0.0,
                -3.064215547965432e-14,
                3.211320098728265e-14,
                0.0,
                -2.7835372895523866e-14,
                0.0,
                0.0,
                0.0
            ],
            [
                0.0,
                3.211320098728265e-14,
                -3.397282455352979e-14,
                0.0,
                2.9679383950487205e-14,
                0.0,
                0.0,
                0.0
            ],
            [
                0.0,
                0.0,
                0.0,
                0.0,
                0.0,
                -1.032160468206238e-15,
                8.049116928532432e-16,
                0.0
            ],
            [
                0.0,
                -2.7835372895523866e-14,
                2.9679383950487205e-14,
                0.0,
                -2.6423307986078726e-14,
                0.0,
                0.0,
                0.0
            ],
            [
                0.0,
                0.0,
                0.0,
                -1.032160468206238e-15,
                0.0,
                0.0,
                0.0,
                0.0
            ],
            [
                0.0,
                0.0,
                0.0,
                8.049116928532432e-16,
                0.0,
                0.0,
                0.0,
                0.0
            ],
            [
                0.0,
                0.0,
                0.0,
                0.0,
                0.0,
                0.0,
                0.0,
                0.0
            ]
        ]
    },
    {
        "d": 1,
        "eps_d": 0.30000000000000004,
        "matrix": [
            [
                0.39201564830169555,
                0.0,
                0.0,
                0.0,
                0.0,
                -6.938893903907228e-18,
                0.0,
                0.0
            ],
            [
                0.0,
                0.18916706112109768,
                -0.2084280667088716,
                0.0,
                0.18916706112109744,
                0.0,
                0.0,
                0.0
            ],
            [
                0.0,
                -0.2084280667088716,
                0.22965022945610977,
                0.0,
                -0.20842806670887182,
                0.0,
                0.0,
                -6.938893903907228e-18
            ],
            [
                0.0,
                0.0,
                0.0,
                -6.245004513516506e-17,
                0.0,
                2.498001805406602e-16,
                -7.147060721024445e-16,
                0.0
            ],
            [
                0.0,
                0.18916706112109744,
                -0.20842806670887182,
                0.0,
                0.18916706112109702,
                0.0,
                0.0,
                -6.938893903907228e-18
            ],
            [
                -6.938893903907228e-18,
                0.0,
                0.0,
                2.498001805406602e-16,
                0.0,
                -4.85722573273506e-17,
                -1.3877787807814457e-17,
                0.0
            ],
            [
                0.0,
                0.0,
                0.0,
                -7.147060721024445e-16,
                0.0,
                -1.3877787807814457e-17,
                -5.551115123125783e-17,
                0.0
            ],
            [
                0.0,
                0.0,
                -6.938893903907228e-18,
                0.0,
                -6.938893903907228e-18,
                0.0,
                0.0,
                6.938893903907228e-18
            ]
        ]
    },
    {
        "d": 1,
        "eps_d": 0.4,
        "matrix": [
            [
                0.31689633191426003,
                0.0,
                0.0,
                0.0,
                0.0,
                0.0,
                -1.3877787807814457e-17,
                0.0
            ],
            [
                0.0,
                0.2093783882364475,
                -0.23526267468770573,
                0.0,
                0.20937838823644905,
                0.0,
                0.0,
                1.3877787807814457e-17
            ],
            [
                0.0,
                -0.23526267468770573,
                0.26434689161284186,
                0.0,
                -0.23526267468770412,
                0.0,
                0.0,
                0.0
            ],
            [
                0.0,
                0.0,
                0.0,
                6.938893903907228e-18,
                0.0,
                -1.429412144204889e-15,
                4.135580766728708e-15,
                0.0
            ],
            [
                0.0,
                0.20937838823644905,
                -0.23526267468770412,
                0.0,
                0.2093783882364505,
                0.0,
                0.0,
                -6.938893903907228e-18
            ],
            [
                0.0,
                0.0,
                0.0,
                -1.429412144204889e-15,
                0.0,
                -2.0816681711721685e-17,
                -1.3877787807814457e-17,
                0.0
            ],
            [
                -1.3877787807814457e-17,
                0.0,
                0.0,
                4.135580766728708e-15,
                0.0,
                -1.3877787807814457e-17,
                7.632783294297951e-17,
                0.0
            ],
            [
                0.0,
                1.3877787807814457e-17,
                0.0,
                0.0,
                -6.938893903907228e-18,
                0.0,
                0.0,
                -6.938893903907228e-18
            ]
        ]
    },
    {
        "d": 1,
        "eps_d": 0.5,
        "matrix": [
            [
                0.262934828301055,
                0.0,
                0.0,
                0.0,
                0.0,
                6.938893903907228e-18,
                -1.3877787807814457e-17,
                0.0
            ],
            [
                0.0,
                0.22305020942488224,
                -0.2547542915404348,
                0.0,
                0.22305020942488257,
                0.0,
                0.0,
                0.0
            ],
            [
                0.0,
                -0.2547542915404348,
                0.2909647528491811,
                0.0,
                -0.25475429154043516,
                0.0,
                0.0,
                0.0
            ],
            [
                0.0,
                0.0,
                0.0,
                -1.8735013540549517e-16,
                0.0,
                5.828670879282072e-16,
                -7.355227538141662e-16,
                0.0
            ],
            [
                0.0,
                0.22305020942488257,
                -0.25475429154043516,
                0.0,
                0.22305020942488224,
                0.0,
                0.0,
                0.0
            ],
            [
                6.938893903907228e-18,
                0.0,
                0.0,
                5.828670879282072e-16,
                0.0,
                -3.122502256758253e-16,
                5.551115123125783e-17,
                0.0
            ],
            [
                -1.3877787807814457e-17,
                0.0,
                0.0,
                -7.355227538141662e-16,
                0.0,
                5.551115123125783e-17,
                -9.020562075079397e-17,
                0.0
            ],
            [
                0.0,
                0.0,
                0.0,
                0.0,
                0.0,
                0.0,
                0.0,
                -6.938893903907228e-18
            ]
        ]
    },
    {
        "d": 1,
        "eps_d": 0.6000000000000001,
        "matrix": [
            [
                0.22255111819629864,
                0.0,
                0.0,
                -1.3877787807814457e-17,
                0.0,
                0.0,
                2.7755575615628914e-17,
                0.0
            ],
            [
                0.0,
                0.23268056958796662,
                -0.2694749593488264,
                0.0,
                0.23268056958796635,
                0.0,
                0.0,
                -1.3877787807814457e-17
            ],
            [
                0.0,
                -0.2694749593488264,
                0.31208774262776756,
                0.0,
                -0.26947495934882626,
                0.0,
                0.0,
                0.0
            ],
            [
                -1.3877787807814457e-17,
                0.0,
                0.0,
                2.636779683484747e-16,
                0.0,
                -4.0245584642661925e-16,
                1.942890293094024e-16,
                0.0
            ],
            [
                0.0,
                0.23268056958796635,
                -0.26947495934882626,
                0.0,
                0.23268056958796646,
                0.0,
                0.0,
                1.3877787807814457e-17
            ],
            [
                0.0,
                0.0,
                0.0,
                -4.0245584642661925e-16,
                0.0,
                3.469446951953614e-16,
                -1.249000902703301e-16,
                0.0
            ],
            [
                2.7755575615628914e-17,
                0.0,
                0.0,
                1.942890293094024e-16,
                0.0,
                -1.249000902703301e-16,
                1.5265566588595902e-16,
                0.0
            ],
            [
                0.0,
                -1.3877787807814457e-17,
                0.0,
                0.0,
                1.3877787807814457e-17,
                0.0,
                0.0,
                1.3877787807814457e-17
            ]
        ]
    },
    {
        "d": 1,
        "eps_d": 0.7000000000000001,
        "matrix": [
            [
                0.1913641519986268,
                0.0,
                0.0,
                -2.7755575615628914e-17,
                0.0,
                0.0,
                -1.3877787807814457e-17,
                0.0
            ],
            [
                0.0,
                0.23967361518111968,
                -0.2809302287536264,
                0.0,
                0.23967361518111943,
                0.0,
                0.0,
                0.0
            ],
            [
                0.0,
                -0.2809302287536264,
                0.3292886176391343,
                0.0,
                -0.28093022875362594,
                0.0,
                0.0,
                0.0
            ],
            [
                -2.7755575615628914e-17,
                0.0,
                0.0,
                5.551115123125783e-17,
                0.0,
                -2.7755575615628914e-17,
                1.6653345369377348e-16,
                0.0
            ],
            [
                0.0,
                0.23967361518111943,
                -0.28093022875362594,
                0.0,
                0.23967361518111924,
                0.0,
                0.0,
                4.163336342344337e-17
            ],
            [
                0.0,
                0.0,
                0.0,
                -2.7755575615628914e-17,
                0.0,
                0.0,
                5.551115123125783e-17,
                0.0
            ],
            [
                -1.3877787807814457e-17,
                0.0,
                0.0,
                1.6653345369377348e-16,
                0.0,
                5.551115123125783e-17,
                -6.938893903907228e-17,
                0.0
            ],
            [
                0.0,
                0.0,
                0.0,
                0.0,
                4.163336342344337e-17,
                0.0,
                0.0,
                0.0
            ]
        ]
    },
    {
        "d": 1,
        "eps_d": 0.8,
        "matrix": [
            [
                0.16667197290191899,
                0.0,
                0.0,
                0.0,
                0.0,
                -6.938893903907228e-18,
                -1.3877787807814457e-17,
                0.0
            ],
            [
                0.0,
                0.24487194669677687,
                -0.2900588141642217,
                0.0,
                0.24487194669677617,
                0.0,
                0.0,
                1.3877787807814457e-17
            ],
            [
                0.0,
                -0.2900588141642217,
                0.34358413370453167,
                0.0,
                -0.2900588141642201,
                0.0,
                0.0,
                0.0
            ],
            [
                0.0,
                0.0,
                0.0,
                -6.522560269672795e-16,
                0.0,
                7.632783294297951e-16,
                -2.914335439641036e-16,
                0.0
            ],
            [
                0.0,
                0.24487194669677617,
                -0.2900588141642201,
                0.0,
                0.24487194669677448,
                0.0,
                0.0,
                0.0
            ],
            [
                -6.938893903907228e-18,
                0.0,
                0.0,
                7.632783294297951e-16,
                0.0,
                -1.1796119636642288e-15,
                3.3306690738754696e-16,
                0.0
            ],
            [
                -1.3877787807814457e-17,
                0.0,
                0.0,
                -2.914335439641036e-16,
                0.0,
                3.3306690738754696e-16,
                -1.3877787807814457e-17,
                0.0
            ],
            [
                0.0,
                1.3877787807814457e-17,
                0.0,
                0.0,
                0.0,
                0.0,
                0.0,
                -1.3877787807814457e-17
            ]
        ]
    },
    {
        "d": 1,
        "eps_d": 0.9,
        "matrix": [
            [
                0.1467216918762407,
                0.0,
                0.0,
                0.0,
                0.0,
                0.0,
                2.7755575615628914e-17,
                0.0
            ],
            [
                0.0,
                0.248807607397027,
                -0.2974755171283703,
                0.0,
                0.24880760739702767,
                0.0,
                0.0,
                -1.3877787807814457e-17
            ],
            [
                0.0,
                -0.2974755171283703,
                0.35566309332971036,
                0.0,
                -0.29747551712836945,
                0.0,
                0.0,
                0.0
            ],
            [
                0.0,
                0.0,
                0.0,
                -1.0130785099704553e-15,
                0.0,
                1.429412144204889e-15,
                -1.942890293094024e-16,
                0.0
            ],
            [
                0.0,
                0.24880760739702767,
                -0.29747551712836945,
                0.0,
                0.24880760739702673,
                0.0,
                0.0,
                1.3877787807814457e-17
            ],
            [
                0.0,
                0.0,
                0.0,
                1.429412144204889e-15,
                0.0,
                -2.7478019859472624e-15,
                1.582067810090848e-15,
                0.0
            ],
            [
                2.7755575615628914e-17,
                0.0,
                0.0,
                -1.942890293094024e-16,
                0.0,
                1.582067810090848e-15,
                -1.0685896612017132e-15,
                0.0
            ],
            [
                0.0,
                -1.3877787807814457e-17,
                0.0,
                0.0,
                1.3877787807814457e-17,
                0.0,
                0.0,
                1.3877787807814457e-17
            ]
        ]
    },
    {
        "d": 1,
        "eps_d": 1.0,
        "matrix": [
            [
                0.13032897829294396,
                0.0,
                0.0,
                0.0,
                0.0,
                0.0,
                0.0,
                0.0
            ],
            [
                0.0,
                0.25183054761306556,
                -0.30359920984335115,
                0.0,
                0.2518305476130661,
                0.0,
                0.0,
                0.0
            ],
            [
                0.0,
                -0.30359920984335115,
                0.36600992648092073,
                0.0,
                -0.3035992098433538,
                0.0,
                0.0,
                0.0
            ],
            [
                0.0,
                0.0,
                0.0,
                5.134781488891349e-16,
                0.0,
                2.220446049250313e-16,
                -1.5543122344752192e-15,
                0.0
            ],
            [
                0.0,
                0.2518305476130661,
                -0.3035992098433538,
                0.0,
                0.25183054761306756,
                0.0,
                0.0,
                0.0
            ],
            [
                0.0,
                0.0,
                0.0,
                2.220446049250313e-16,
                0.0,
                1.3461454173580023e-15,
                -6.661338147750939e-16,
                0.0
            ],
            [
                0.0,
                0.0,
                0.0,
                -1.5543122344752192e-15,
                0.0,
                -6.661338147750939e-16,
                3.7470027081099033e-16,
                0.0
            ],
            [
                0.0,
                0.0,
                0.0,
                0.0,
                0.0,
                0.0,
                0.0,
                0.0
            ]
        ]
    },
    {
        "d": 1,
        "eps_d": 1.1,
        "matrix": [
            [
                0.11666648970859667,
                0.0,
                0.0,
                2.7755575615628914e-17,
                0.0,
                0.0,
                -1.3877787807814457e-17,
                0.0
            ],
            [
                0.0,
                0.25417878709393393,
                -0.30872468095086064,
                0.0,
                0.2541787870939343,
                0.0,
                0.0,
                0.0
            ],
            [
                0.0,
                -0.30872468095086064,
                0.3749759361035403,
                0.0,
                -0.30872468095086003,
                0.0,
                0.0,
                0.0
            ],
            [
                2.7755575615628914e-17,
                0.0,
                0.0,
                -1.1102230246251565e-15,
                0.0,
                1.1934897514720433e-15,
                -2.220446049250313e-16,
                0.0
            ],
            [
                0.0,
                0.2541787870939343,
                -0.30872468095086003,
                0.0,
                0.25417878709393343,
                0.0,
                0.0,
                -2.7755575615628914e-17
            ],
            [
                0.0,
                0.0,
                0.0,
                1.1934897514720433e-15,
                0.0,
                -2.3314683517128287e-15,
                1.1934897514720433e-15,
                0.0
            ],
            [
                -1.3877787807814457e-17,
                0.0,
                0.0,
                -2.220446049250313e-16,
                0.0,
                1.1934897514720433e-15,
                -8.326672684688674e-16,
                0.0
            ],
            [
                0.0,
                0.0,
                0.0,
                0.0,
                -2.7755575615628914e-17,
                0.0,
                0.0,
                -1.3877787807814457e-17
            ]
        ]
    },
    {
        "d": 1,
        "eps_d": 1.2000000000000002,
        "matrix": [
            [
                0.1051398961394516,
                0.0,
                0.0,
                0.0,
                0.0,
                -1.3877787807814457e-17,
                -1.3877787807814457e-17,
                0.0
            ],
            [
                0.0,
                0.2560188092999921,
                -0.31306510001862153,
                0.0,
                0.2560188092999903,
                0.0,
                0.0,
                1.3877787807814457e-17
            ],
            [
                0.0,
                -0.31306510001862153,
                0.3828224852605499,
                0.0,
                -0.3130651000186212,
                0.0,
                0.0,
                0.0
            ],
            [
                0.0,
                0.0,
                0.0,
                2.7200464103316335e-15,
                0.0,
                -4.7878367936959876e-15,
                3.0808688933348094e-15,
                0.0
            ],
            [
                0.0,
                0.2560188092999903,
                -0.3130651000186212,
                0.0,
                0.25601880929999155,
                0.0,
                0.0,
                0.0
            ],
            [
                -1.3877787807814457e-17,
                0.0,
                0.0,
                -4.7878367936959876e-15,
                0.0,
                8.43769498715119e-15,
                -5.828670879282072e-15,
                0.0
            ],
            [
                -1.3877787807814457e-17,
                0.0,
                0.0,
                3.0808688933348094e-15,
                0.0,
                -5.828670879282072e-15,
                3.747002708109903e-15,
                0.0
            ],
            [
                0.0,
                1.3877787807814457e-17,
                0.0,
                0.0,
                0.0,
                0.0,
                0.0,
                0.0
            ]
        ]
    },
    {
        "d": 1,
        "eps_d": 1.3,
        "matrix": [
            [
                0.0953119997221264,
                0.0,
                0.0,
                -1.3877787807814457e-17,
                0.0,
                1.3877787807814457e-17,
                -1.3877787807814457e-17,
                0.0
            ],
            [
                0.0,
                0.2574698568419116,
                -0.3167782119302898,
                0.0,
                0.2574698568419176,
                0.0,
                0.0,
                0.0
            ],
            [
                0.0,
                -0.3167782119302898,
                0.3897482865940588,
                0.0,
                -0.316778211930297,
                0.0,
                0.0,
                0.0
            ],
            [
                -1.3877787807814457e-17,
                0.0,
                0.0,
                -3.774758283725532e-15,
                0.0,
                7.91033905045424e-15,
                -7.022160630754115e-15,
                0.0
            ],
            [
                0.0,
                0.2574698568419176,
                -0.316778211930297,
                0.0,
                0.2574698568419189,
                0.0,
                0.0,
                1.3877787807814457e-17
            ],
            [
                1.3877787807814457e-17,
                0.0,
                0.0,
                7.91033905045424e-15,
                0.0,
                -8.909539772616881e-15,
                4.649058915617843e-15,
                0.0
            ],
            [
                -1.3877787807814457e-17,
                0.0,
                0.0,
                -7.022160630754115e-15,
                0.0,
                4.649058915617843e-15,
                -3.0253577421035516e-15,
                0.0
            ],
            [
                0.0,
                0.0,
                0.0,
                0.0,
                1.3877787807814457e-17,
                0.0,
                0.0,
                0.0
            ]
        ]
    },
    {
        "d": 1,
        "eps_d": 1.4000000000000001,
        "matrix": [
            [
                0.044313547477762186,
                0.0,
                0.0,
                0.0,
                0.0,
                3.0357660829594124e-18,
                5.637851296924623e-18,
                0.0
            ],
            [
                0.0,
                0.15321901975268212,
                -0.16325667763209176,
                0.0,
                0.11067801417420602,
                0.0,
                0.0,
                -5.637851296924623e-18
            ],
            [
                0.0,
                -0.16325667763209176,
                0.20199350022899767,
                0.0,
                -0.16325667763210594,
                0.0,
                0.0,
                -3.0357660829594124e-18
            ],
            [
                0.0,
                0.0,
                0.0,
                0.09695688010953185,
                0.0,
                -0.15672641052618452,
                0.09695688010951874,
                0.0
            ],
            [
                0.0,
                0.11067801417420602,
                -0.16325667763210594,
                0.0,
                0.15321901975269916,
                0.0,
                0.0,
                0.0
            ],
            [
                3.0357660829594124e-18,
                0.0,
                0.0,
                -0.15672641052618452,
                0.0,
                0.25334115256880324,
                -0.15672641052618055,
                0.0
            ],
            [
                5.637851296924623e-18,
                0.0,
                0.0,
                0.09695688010951874,
                0.0,
                -0.15672641052618055,
                0.09695688010952377,
                0.0
            ],
            [
                0.0,
                -5.637851296924623e-18,
                -3.0357660829594124e-18,
                0.0,
                0.0,
                0.0,
                0.0,
                -1.6046192152785466e-17
            ]
        ]
    },
    {
        "d": 1,
        "eps_d": 1.5,
        "matrix": [
            [
                0.03534075009142202,
                0.0,
                0.0,
                0.0,
                0.0,
                1.734723475976807e-18,
                3.469446951953614e-18,
                0.0
            ],
            [
                0.0,
                0.13743524355433612,
                -0.14345385547075049,
                0.0,
                0.09325930594005878,
                0.0,
                0.0,
                -3.469446951953614e-18
            ],
            [
                0.0,
                -0.14345385547075049,
                0.17840914485864207,
                0.0,
                -0.14345385547074635,
                0.0,
                0.0,
                -1.734723475976807e-18
            ],
            [
                0.0,
                0.0,
                0.0,
                0.11150571553664594,
                0.0,
                -0.17931731933842726,
                0.11150571553664824,
                0.0
            ],
            [
                0.0,
                0.09325930594005878,
                -0.14345385547074635,
                0.0,
                0.137435243554332,
                0.0,
                0.0,
                0.0
            ],
            [
                1.734723475976807e-18,
                0.0,
                0.0,
                -0.17931731933842726,
                0.0,
                0.28836818686797655,
                -0.17931731933842546,
                0.0
            ],
            [
                3.469446951953614e-18,
                0.0,
                0.0,
                0.11150571553664824,
                0.0,
                -0.17931731933842546,
                0.11150571553664541,
                0.0
            ],
            [
                0.0,
                -3.469446951953614e-18,
                -1.734723475976807e-18,
                0.0,
                0.0,
                0.0,
                0.0,
                -1.0234868508263162e-16
            ]
        ]
    },
    {
        "d": 1,
        "eps_d": 1.6,
        "matrix": [
            [
                0.028556115338942784,
                0.0,
                0.0,
                0.0,
                0.0,
                0.0,
                -3.469446951953614e-18,
                0.0
            ],
            [
                0.0,
                0.12393614540768563,
                -0.12703663143833915,
                0.0,
                0.07938860547893295,
                0.0,
                0.0,
                3.469446951953614e-18
            ],
            [
                0.0,
                -0.12703663143833915,
                0.15874413377443922,
                0.0,
                -0.1270366314383357,
                0.0,
                0.0,
                0.0
            ],
            [
                0.0,
                0.0,
                0.0,
                0.12382042434406353,
                0.0,
                -0.198177145043808,
                0.12382042434406554,
                0.0
            ],
            [
                0.0,
                0.07938860547893295,
                -0.1270366314383357,
                0.0,
                0.12393614540768197,
                0.0,
                0.0,
                0.0
            ],
            [
                0.0,
                0.0,
                0.0,
                -0.198177145043808,
                0.0,
                0.3171866113831239,
                -0.19817714504380657,
                0.0
            ],
            [
                -3.469446951953614e-18,
                0.0,
                0.0,
                0.12382042434406554,
                0.0,
                -0.19817714504380657,
                0.12382042434406318,
                0.0
            ],
            [
                0.0,
                3.469446951953614e-18,
                0.0,
                0.0,
                0.0,
                0.0,
                0.0,
                -2.0122792321330962e-16
            ]
        ]
    },
    {
        "d": 1,
        "eps_d": 1.7000000000000002,
        "matrix": [
            [
                0.023343310426083716,
                0.0,
                0.0,
                0.0,
                0.0,
                0.0,
                3.469446951953614e-18,
                0.0
            ],
            [
                0.0,
                0.11231187239278334,
                -0.11327586354856634,
                0.0,
                0.06819301568748493,
                0.0,
                0.0,
                -3.469446951953614e-18
            ],
            [
                0.0,
                -0.11327586354856634,
                0.1421725627393241,
                0.0,
                -0.11327586354856539,
                0.0,
                0.0,
                0.0
            ],
            [
                0.0,
                0.0,
                0.0,
                0.13435307178866088,
                0.0,
                -0.21409138210678874,
                0.13435307178866163,
                0.0
            ],
            [
                0.0,
                0.06819301568748493,
                -0.11327586354856539,
                0.0,
                0.11231187239278206,
                0.0,
                0.0,
                0.0
            ],
            [
                0.0,
                0.0,
                0.0,
                -0.21409138210678874,
                0.0,
                0.3411542384717045,
                -0.21409138210678896,
                0.0
            ],
            [
                3.469446951953614e-18,
                0.0,
                0.0,
                0.13435307178866163,
                0.0,
                -0.21409138210678896,
                0.1343530717886613,
                0.0
            ],
            [
                0.0,
                -3.469446951953614e-18,
                0.0,
                0.0,
                0.0,
                0.0,
                0.0,
                9.020562075079397e-17
            ]
        ]
    },
    {
        "d": 1,
        "eps_d": 1.8,
        "matrix": [
            [
                0.019280885718120068,
                0.0,
                0.0,
                0.0,
                0.0,
                0.0,
                -6.938893903907228e-18,
                0.0
            ],
            [
                0.0,
                0.10223721893156179,
                -0.10162859754840156,
                0.0,
                0.05904803492297285,
                0.0,
                0.0,
                6.938893903907228e-18
            ],
            [
                0.0,
                -0.10162859754840156,
                0.12807583573598463,
                0.0,
                -0.10162859754840184,
                0.0,
                0.0,
                -3.469446951953614e-18
            ],
            [
                0.0,
                0.0,
                0.0,
                0.14344493602430466,
                0.0,
                -0.22764805850842254,
                0.14344493602430508,
                0.0
            ],
            [
                0.0,
                0.05904803492297285,
                -0.10162859754840184,
                0.0,
                0.1022372189315619,
                0.0,
                0.0,
                0.0
            ],
            [
                0.0,
                0.0,
                0.0,
                -0.22764805850842254,
                0.0,
                0.3612789686341619,
                -0.22764805850842346,
                0.0
            ],
            [
                -6.938893903907228e-18,
                0.0,
                0.0,
                0.14344493602430508,
                0.0,
                -0.22764805850842346,
                0.1434449360243052,
                0.0
            ],
            [
                0.0,
                6.938893903907228e-18,
                -3.469446951953614e-18,
                0.0,
                0.0,
                0.0,
                0.0,
                -1.734723475976807e-16
            ]
        ]
    },
    {
        "d": 1,
        "eps_d": 1.9000000000000001,
        "matrix": [
            [
                0.01607449743669004,
                0.0,
                0.0,
                1.3877787807814457e-17,
                0.0,
                0.0,
                0.0,
                0.0
            ],
            [
                0.0,
                0.09345260068974441,
