[
    {
        "d": 2,
        "eps_d": 0.0,
        "matrix": [
            [
                1.000000000000006,
                0.0,
                0.0,
                0.0,
                0.0,
                -2.267975102510409e-30,
                4.930380657631324e-31,
                0.0
            ],
            [
                0.0,
                -4.218847493575595e-15,
                -1.6653345369377143e-16,
                0.0,
                -1.2490009027033001e-15,
                0.0,
                0.0,
                5.6699377562760224e-30
            ],
            [
                0.0,
                -1.6653345369377143e-16,
                -8.881784197001252e-16,
                0.0,
                -1.578598363138903e-15,
                0.0,
                0.0,
                2.267975102510409e-30
            ],
            [
                0.0,
                0.0,
                0.0,
                0.0,
                0.0,
                -1.5612511283790736e-16,
                2.0816681711721587e-17,
                0.0
            ],
            [
                0.0,
                -1.2490009027033001e-15,
                -1.578598363138903e-15,
                0.0,
                -9.992007221626409e-16,
                0.0,
                0.0,
                0.0
            ],
            [
                -2.267975102510409e-30,
                0.0,
                0.0,
                -1.5612511283790736e-16,
                0.0,
                0.0,
                -1.7749370367472766e-30,
                0.0
            ],
            [
                4.930380657631324e-31,
                0.0,
                0.0,
                2.0816681711721587e-17,
                0.0,
                -1.7749370367472766e-30,
                0.0,
                0.0
            ],
            [
                0.0,
                5.6699377562760224e-30,
                2.267975102510409e-30,
                0.0,
                0.0,
                0.0,
                0.0,
                0.0
            ]
        ]
    },
    {
        "d": 2,
        "eps_d": 0.1,
        "matrix": [
            [
                1.0000000000000058,
                0.0,
                0.0,
                0.0,
                0.0,
                8.578862344278503e-30,
                4.807121141190541e-30,
                0.0
            ],
            [
                0.0,
                -4.440892098500626e-15,
                -5.5511151231257667e-17,
                0.0,
                -2.4043267377038534e-15,
                0.0,
                0.0,
                2.0954117794933126e-30
            ],
            [
                0.0,
                -5.5511151231257667e-17,
                4.440892098500626e-16,
                0.0,
                -1.339206523454097e-15,
                0.0,
                0.0,
                -3.0568360077314207e-30
            ],
            [
                0.0,
                0.0,
                0.0,
                0.0,
                0.0,
                -5.898059818321094e-16,
                8.638922910364495e-16,
                0.0
            ],
            [
                0.0,
                -2.4043267377038534e-15,
                -1.339206523454097e-15,
                0.0,
                -1.7763568394002505e-15,
                0.0,
                0.0,
                0.0
            ],
            [
                8.578862344278503e-30,
                0.0,
                0.0,
                -5.898059818321094e-16,
                0.0,
                0.0,
                -9.860761315262648e-31,
                0.0
            ],
            [
                4.807121141190541e-30,
                0.0,
                0.0,
                8.638922910364495e-16,
                0.0,
                -9.860761315262648e-31,
                0.0,
                0.0
            ],
            [
                0.0,
                2.0954117794933126e-30,
                -3.0568360077314207e-30,
                0.0,
                0.0,
                0.0,
                0.0,
                0.0
            ]
        ]
    },
    {
        "d": 2,
        "eps_d": 0.2,
        "matrix": [
            [
                0.9999999999999967,
                0.0,
                0.0,
                0.0,
                0.0,
                9.367723249499515e-31,
                -4.930380657631324e-32,
                0.0
            ],
            [
                0.0,
                1.8041124150158794e-15,
                9.02056207507939e-16,
                0.0,
                5.030698080332749e-16,
                0.0,
                0.0,
                0.0
            ],
            [
                0.0,
                9.02056207507939e-16,
                1.942890293094024e-15,
                0.0,
                9.922618282587337e-16,
                0.0,
                0.0,
                9.121204216617949e-31
            ],
            [
                0.0,
                0.0,
                0.0,
                0.0,
                0.0,
                -3.3306690738754746e-16,
                1.0408340855860966e-17,
                0.0
            ],
            [
                0.0,
                5.030698080332749e-16,
                9.922618282587337e-16,
                0.0,
                -4.579669976578771e-16,
                0.0,
                0.0,
                0.0
            ],
            [
                9.367723249499515e-31,
                0.0,
                0.0,
                -3.3306690738754746e-16,
                0.0,
                -1.3877787807814457e-17,
                0.0,
                0.0
            ],
            [
                -4.930380657631324e-32,
                0.0,
                0.0,
                1.0408340855860966e-17,
                0.0,
                0.0,
                1.3877787807814457e-17,
                0.0
            ],
            [
                0.0,
                0.0,
                9.121204216617949e-31,
                0.0,
                0.0,
                0.0,
                0.0,
                0.0
            ]
        ]
    },
    {
        "d": 2,
        "eps_d": 0.30000000000000004,
        "matrix": [
            [
                0.9999999999999771,
                0.0,
                0.0,
                0.0,
                0.0,
                9.860761315262648e-32,
                1.1044052673094165e-29,
                0.0
            ],
            [
                0.0,
                1.2212453270876722e-15,
                6.758482662405631e-15,
                0.0,
                6.217248937900864e-15,
                0.0,
                0.0,
                1.1438483125704671e-29
            ],
            [
                0.0,
                6.758482662405631e-15,
                8.659739592076221e-15,
                0.0,
                1.065467158944953e-14,
                0.0,
                0.0,
                -9.860761315262648e-32
            ],
            [
                0.0,
                0.0,
                0.0,
                0.0,
                0.0,
                1.9810542095655192e-15,
                3.573530360512235e-15,
                0.0
            ],
            [
                0.0,
                6.217248937900864e-15,
                1.065467158944953e-14,
                0.0,
                1.2906342661267445e-14,
                0.0,
                0.0,
                0.0
            ],
            [
                9.860761315262648e-32,
                0.0,
                0.0,
                1.9810542095655192e-15,
                0.0,
                0.0,
                -1.1832913578315177e-29,
                0.0
            ],
            [
                1.1044052673094165e-29,
                0.0,
                0.0,
                3.573530360512235e-15,
                0.0,
                -1.1832913578315177e-29,
                0.0,
                0.0
            ],
            [
                0.0,
                1.1438483125704671e-29,
                -9.860761315262648e-32,
                0.0,
                0.0,
                0.0,
                0.0,
                0.0
            ]
        ]
    },
    {
        "d": 2,
        "eps_d": 0.4,
        "matrix": [
            [
                1.000000000000005,
                0.0,
                0.0,
                0.0,
                0.0,
                0.0,
                -7.494178599599612e-30,
                0.0
            ],
            [
                0.0,
                2.4424906541753444e-15,
                -2.116362640691706e-15,
                0.0,
                -6.557254739192393e-16,
                0.0,
                0.0,
                -7.494178599599612e-30
            ],
            [
                0.0,
                -2.116362640691706e-15,
                -2.4424906541753444e-15,
                0.0,
                -3.486794186713388e-15,
                0.0,
                0.0,
                0.0
            ],
            [
                0.0,
                0.0,
                0.0,
                0.0,
                0.0,
                -7.910339050454268e-16,
                -2.3835100559921365e-15,
                0.0
            ],
            [
                0.0,
                -6.557254739192393e-16,
                -3.486794186713388e-15,
                0.0,
                -5.10702591327572e-15,
                0.0,
                0.0,
                0.0
            ],
            [
                0.0,
                0.0,
                0.0,
                -7.910339050454268e-16,
                0.0,
                0.0,
                0.0,
                0.0
            ],
            [
                -7.494178599599612e-30,
                0.0,
                0.0,
                -2.3835100559921365e-15,
                0.0,
                0.0,
                0.0,
                0.0
            ],
            [
                0.0,
                -7.494178599599612e-30,
                0.0,
                0.0,
                0.0,
                0.0,
                0.0,
                0.0
            ]
        ]
    },
    {
        "d": 2,
        "eps_d": 0.5,
        "matrix": [
            [
                1.0000000000002276,
                0.0,
                0.0,
                0.0,
                0.0,
                5.679798517591285e-29,
                0.0,
                0.0
            ],
            [
                0.0,
                -6.702971511174383e-14,
                -7.72992780895264e-14,
                0.0,
                -6.716328881939379e-14,
                0.0,
                0.0,
                0.0
            ],
            [
                0.0,
                -7.72992780895264e-14,
                -8.915090887740007e-14,
                0.0,
                -7.918492250791344e-14,
                0.0,
                0.0,
                -5.679798517591285e-29
            ],
            [
                0.0,
                0.0,
                0.0,
                0.0,
                0.0,
                -1.5386997231912386e-15,
                -2.0903417885520084e-15,
                0.0
            ],
            [
                0.0,
                -6.716328881939379e-14,
                -7.918492250791344e-14,
                0.0,
                -7.138734048339757e-14,
                0.0,
                0.0,
                3.1554436208840472e-30
            ],
            [
                5.679798517591285e-29,
                0.0,
                0.0,
                -1.5386997231912386e-15,
                0.0,
                2.7755575615628914e-17,
                1.3252863207712998e-28,
                0.0
            ],
            [
                0.0,
                0.0,
                0.0,
                -2.0903417885520084e-15,
                0.0,
                1.3252863207712998e-28,
                0.0,
                0.0
            ],
            [
                0.0,
                0.0,
                -5.679798517591285e-29,
                0.0,
                3.1554436208840472e-30,
                0.0,
                0.0,
                0.0
            ]
        ]
    },
    {
        "d": 2,
        "eps_d": 0.6000000000000001,
        "matrix": [
            [
                1.0000000000009592,
                0.0,
                0.0,
                -3.0292258760486853e-28,
                0.0,
                2.524354896707238e-28,
                1.262177448353619e-29,
                0.0
            ],
            [
                0.0,
                -2.870204074412186e-13,
                -3.405782600385278e-13,
                0.0,
                -2.7959665832577454e-13,
                0.0,
                0.0,
                0.0
            ],
            [
                0.0,
                -3.405782600385278e-13,
                -3.9537817464463387e-13,
                0.0,
                -3.2986634257437046e-13,
                0.0,
                0.0,
                -2.524354896707238e-28
            ],
            [
                -3.0292258760486853e-28,
                0.0,
                0.0,
                0.0,
                0.0,
                8.616371505177684e-15,
                3.957771610441691e-15,
                0.0
            ],
            [
                0.0,
                -2.7959665832577454e-13,
                -3.2986634257437046e-13,
                0.0,
                -2.767508444634359e-13,
                0.0,
                0.0,
                3.0292258760486853e-28
            ],
            [
                2.524354896707238e-28,
                0.0,
                0.0,
                8.616371505177684e-15,
                0.0,
                -2.7755575615628914e-17,
                1.5146129380243427e-27,
                0.0
            ],
            [
                1.262177448353619e-29,
                0.0,
                0.0,
                3.957771610441691e-15,
                0.0,
                1.5146129380243427e-27,
                2.7755575615628914e-17,
                0.0
            ],
            [
                0.0,
                0.0,
                -2.524354896707238e-28,
                0.0,
                3.0292258760486853e-28,
                0.0,
                0.0,
                0.0
            ]
        ]
    },
    {
        "d": 2,
        "eps_d": 0.7000000000000001,
        "matrix": [
            [
                0.5609041546700014,
                0.0,
                0.0,
                -1.3877787807814457e-17,
                0.0,
                -1.3877787807814457e-17,
                6.938893903907228e-18,
                0.0
            ],
            [
                0.0,
                0.1297127186879336,
                0.15266151146735493,
                0.0,
                0.129712718687929,
                0.0,
                0.0,
                0.0
            ],
            [
                0.0,
                0.15266151146735493,
                0.1796704079541438,
                0.0,
                0.15266151146736467,
                0.0,
                0.0,
                -6.938893903907228e-18
            ],
            [
                -1.3877787807814457e-17,
                0.0,
                0.0,
                -1.7520707107365752e-16,
                0.0,
                5.731526364627371e-15,
                -8.527900607901984e-15,
                0.0
            ],
            [
                0.0,
                0.129712718687929,
                0.15266151146736467,
                0.0,
                0.1297127186879225,
                0.0,
                0.0,
                1.3877787807814457e-17
            ],
            [
                -1.3877787807814457e-17,
                0.0,
                0.0,
                5.731526364627371e-15,
                0.0,
                -6.331740687315346e-16,
                -5.134781488891349e-16,
                0.0
            ],
            [
                6.938893903907228e-18,
                0.0,
                0.0,
                -8.527900607901984e-15,
                0.0,
                -5.134781488891349e-16,
                -4.3194614551822497e-16,
                0.0
            ],
            [
                0.0,
                0.0,
                -6.938893903907228e-18,
                0.0,
                1.3877787807814457e-17,
                0.0,
                0.0,
                8.673617379884035e-18
            ]
        ]
    },
    {
        "d": 2,
        "eps_d": 0.8,
        "matrix": [
            [
                0.5415903343129489,
                0.0,
                0.0,
                1.3877787807814457e-17,
                0.0,
                1.3877787807814457e-17,
                -6.938893903907228e-18,
                0.0
            ],
            [
                0.0,
                0.1341548871500702,
                0.1596960534147677,
                0.0,
                0.13415488715007287,
                0.0,
                0.0,
                0.0
            ],
            [
                0.0,
                0.1596960534147677,
                0.1900998913869069,
                0.0,
                0.1596960534147664,
                0.0,
                0.0,
                -6.938893903907228e-18
            ],
            [
                1.3877787807814457e-17,
                0.0,
                0.0,
                -2.3071822230491534e-16,
                0.0,
                3.2890357104520263e-15,
                5.8772431366094224e-15,
                0.0
            ],
            [
                0.0,
                0.13415488715007287,
                0.1596960534147664,
                0.0,
                0.13415488715007454,
                0.0,
                0.0,
                -1.3877787807814457e-17
            ],
            [
                1.3877787807814457e-17,
                0.0,
                0.0,
                3.2890357104520263e-15,
                0.0,
                -3.41740524767431e-16,
                -4.163336342344337e-17,
                0.0
            ],
            [
                -6.938893903907228e-18,
                0.0,
                0.0,
                5.8772431366094224e-15,
                0.0,
                -4.163336342344337e-17,
                4.683753385137379e-17,
                0.0
            ],
            [
                0.0,
                0.0,
                -6.938893903907228e-18,
                0.0,
                -1.3877787807814457e-17,
                0.0,
                0.0,
                8.673617379884035e-18
            ]
        ]
    },
    {
        "d": 2,
        "eps_d": 0.9,
        "matrix": [
            [
                0.5246023498096111,
                0.0,
                0.0,
                0.0,
                0.0,
                6.938893903907228e-18,
                -6.938893903907228e-18,
                0.0
            ],
            [
                0.0,
                0.13795282107185503,
                0.16589299349679987,
                0.0,
                0.13795282107185447,
                0.0,
                0.0,
                0.0
            ],
            [
                0.0,
                0.16589299349679987,
                0.19949200804667833,
                0.0,
                0.16589299349679704,
                0.0,
                0.0,
                0.0
            ],
            [
                0.0,
                0.0,
                0.0,
                -1.986258379993444e-16,
                0.0,
                -2.0122792321330962e-15,
                2.0816681711721685e-16,
                0.0
            ],
            [
                0.0,
                0.13795282107185447,
                0.16589299349679704,
                0.0,
                0.13795282107185475,
                0.0,
                0.0,
                6.938893903907228e-18
            ],
            [
                6.938893903907228e-18,
                0.0,
                0.0,
                -2.0122792321330962e-15,
                0.0,
                6.617970060851519e-16,
                7.077671781985373e-16,
                0.0
            ],
            [
                -6.938893903907228e-18,
                0.0,
                0.0,
                2.0816681711721685e-16,
                0.0,
                7.077671781985373e-16,
                3.5648567431323386e-16,
                0.0
            ],
            [
                0.0,
                0.0,
                0.0,
                0.0,
                6.938893903907228e-18,
                0.0,
                0.0,
                4.336808689942018e-18
            ]
        ]
    },
    {
        "d": 2,
        "eps_d": 1.0,
        "matrix": [
            [
                0.5093828828670312,
                0.0,
                0.0,
                -1.3877787807814457e-17,
                0.0,
                -1.3877787807814457e-17,
                -1.3877787807814457e-17,
                0.0
            ],
            [
                0.0,
                0.14127616868292603,
                0.1714485197467573,
                0.0,
                0.14127616868292475,
                0.0,
                0.0,
                1.3877787807814457e-17
            ],
            [
                0.0,
                0.1714485197467573,
                0.20806477976711601,
                0.0,
                0.171448519746759,
                0.0,
                0.0,
                -6.938893903907228e-18
            ],
            [
                -1.3877787807814457e-17,
                0.0,
                0.0,
                5.273559366969494e-16,
                0.0,
                -3.7470027081099033e-16,
                -1.4779844015322396e-15,
                0.0
            ],
            [
                0.0,
                0.14127616868292475,
                0.171448519746759,
                0.0,
                0.14127616868292558,
                0.0,
                0.0,
                2.0816681711721685e-17
            ],
            [
                -1.3877787807814457e-17,
                0.0,
                0.0,
                -3.7470027081099033e-16,
                0.0,
                8.049116928532385e-16,
                8.326672684688674e-17,
                0.0
            ],
            [
                -1.3877787807814457e-17,
                0.0,
                0.0,
                -1.4779844015322396e-15,
                0.0,
                8.326672684688674e-17,
                -6.938893903907228e-17,
                0.0
            ],
            [
                0.0,
                1.3877787807814457e-17,
                -6.938893903907228e-18,
                0.0,
                2.0816681711721685e-17,
                0.0,
                0.0,
                0.0
            ]
        ]
    },
    {
        "d": 2,
        "eps_d": 1.1,
        "matrix": [
            [
                0.49554185867296735,
                0.0,
                0.0,
                0.0,
                0.0,
                -1.3877787807814457e-17,
                -6.938893903907228e-18,
                0.0
            ],
            [
                0.0,
                0.1442410864556113,
                0.17650101510359578,
                0.0,
                0.14424108645561368,
                0.0,
                0.0,
                0.0
            ],
            [
                0.0,
                0.17650101510359578,
                0.21597596841580896,
                0.0,
                0.17650101510359573,
                0.0,
                0.0,
                -6.938893903907228e-18
            ],
            [
                0.0,
                0.0,
                0.0,
                -5.579304379610406e-16,
                0.0,
                7.91033905045424e-16,
                1.6861512186494565e-15,
                0.0
            ],
            [
                0.0,
                0.14424108645561368,
                0.17650101510359573,
                0.0,
                0.1442410864556139,
                0.0,
                0.0,
                6.938893903907228e-18
            ],
            [
                -1.3877787807814457e-17,
                0.0,
                0.0,
                7.91033905045424e-16,
                0.0,
                -8.632417697329586e-16,
                -9.71445146547012e-17,
                0.0
            ],
            [
                -6.938893903907228e-18,
                0.0,
                0.0,
                1.6861512186494565e-15,
                0.0,
                -9.71445146547012e-17,
                -1.6696713456276768e-17,
                0.0
            ],
            [
                0.0,
                0.0,
                -6.938893903907228e-18,
                0.0,
                6.938893903907228e-18,
                0.0,
                0.0,
                2.8189256484623115e-18
            ]
        ]
    },
    {
        "d": 2,
        "eps_d": 1.2000000000000002,
        "matrix": [
            [
                0.4827985683086654,
                0.0,
                0.0,
                0.0,
                0.0,
                6.938893903907228e-18,
                0.0,
                0.0
            ],
            [
                0.0,
                0.14692935848803335,
                0.18115077089565568,
                0.0,
                0.1469293584880342,
                0.0,
                0.0,
                0.0
            ],
            [
                0.0,
                0.18115077089565568,
                0.22334271471526437,
                0.0,
                0.18115077089565446,
                0.0,
                0.0,
                -6.938893903907228e-18
            ],
            [
                0.0,
                0.0,
                0.0,
                -5.334274688628682e-16,
                0.0,
                4.579669976578771e-15,
                5.0584536559483695e-15,
                0.0
            ],
            [
                0.0,
                0.1469293584880342,
                0.18115077089565446,
                0.0,
                0.1469293584880352,
                0.0,
                0.0,
                0.0
            ],
            [
                6.938893903907228e-18,
                0.0,
                0.0,
                4.579669976578771e-15,
                0.0,
                1.0902737046514233e-15,
                1.8041124150158794e-15,
                0.0
            ],
            [
                0.0,
                0.0,
                0.0,
                5.0584536559483695e-15,
                0.0,
                1.8041124150158794e-15,
                1.0763959168436088e-15,
                0.0
            ],
            [
                0.0,
                0.0,
                -6.938893903907228e-18,
                0.0,
                0.0,
                0.0,
                0.0,
                6.071532165918825e-18
            ]
        ]
    },
    {
        "d": 2,
        "eps_d": 1.3,
        "matrix": [
            [
                0.4709462224408539,
                0.0,
                0.0,
                6.938893903907228e-18,
                0.0,
                6.938893903907228e-18,
                -1.3877787807814457e-17,
                0.0
            ],
            [
                0.0,
                0.1493999359048055,
                0.18547215090362146,
                0.0,
                0.14939993590480466,
                0.0,
                0.0,
                6.938893903907228e-18
            ],
            [
                0.0,
                0.18547215090362146,
                0.2302539057495391,
                0.0,
                0.18547215090361044,
                0.0,
                0.0,
                0.0
            ],
            [
                6.938893903907228e-18,
                0.0,
                0.0,
                -2.8015784137025435e-16,
                0.0,
                3.337607967779377e-15,
                9.950373858202965e-15,
                0.0
            ],
            [
                0.0,
                0.14939993590480466,
                0.18547215090361044,
                0.0,
                0.14939993590480252,
                0.0,
                0.0,
                -6.938893903907228e-18
            ],
            [
                6.938893903907228e-18,
                0.0,
                0.0,
                3.337607967779377e-15,
                0.0,
                -7.24247051220317e-16,
                -3.2612801348363973e-16,
                0.0
            ],
            [
                -1.3877787807814457e-17,
                0.0,
                0.0,
                9.950373858202965e-15,
                0.0,
                -3.2612801348363973e-16,
                -1.8301332671555315e-16,
                0.0
            ],
            [
                0.0,
                6.938893903907228e-18,
                0.0,
                0.0,
                -6.938893903907228e-18,
                0.0,
                0.0,
                2.6020852139652106e-18
            ]
        ]
    },
    {
        "d": 2,
        "eps_d": 1.4000000000000001,
        "matrix": [
            [
                0.4598294132225747,
                0.0,
                0.0,
                -1.3877787807814457e-17,
                0.0,
                0.0,
                2.0816681711721685e-17,
                0.0
            ],
            [
                0.0,
                0.15169616868902192,
                0.18952137943456465,
                0.0,
                0.1516961686890191,
                0.0,
                0.0,
                -1.3877787807814457e-17
            ],
            [
                0.0,
                0.18952137943456465,
                0.23677824939938072,
                0.0,
                0.18952137943456107,
                0.0,
                0.0,
                0.0
            ],
            [
                -1.3877787807814457e-17,
                0.0,
                0.0,
                3.5561831257524545e-16,
                0.0,
                3.1363800445660672e-15,
                3.608224830031759e-15,
                0.0
            ],
            [
                0.0,
                0.1516961686890191,
                0.18952137943456107,
                0.0,
                0.15169616868901908,
                0.0,
                0.0,
                2.0816681711721685e-17
            ],
            [
                0.0,
                0.0,
                0.0,
                3.1363800445660672e-15,
                0.0,
                2.2429974544380116e-15,
                1.8318679906315083e-15,
                0.0
            ],
            [
                2.0816681711721685e-17,
                0.0,
                0.0,
                3.608224830031759e-15,
                0.0,
                1.8318679906315083e-15,
                1.0564465968698755e-15,
                0.0
            ],
            [
                0.0,
                -1.3877787807814457e-17,
                0.0,
                0.0,
                2.0816681711721685e-17,
                0.0,
                0.0,
                5.204170427930421e-18
            ]
        ]
    },
    {
        "d": 2,
        "eps_d": 1.5,
        "matrix": [
            [
                0.4493293173827176,
                0.0,
                0.0,
                -6.938893903907228e-18,
                0.0,
                1.3877787807814457e-17,
                0.0,
                0.0
            ],
            [
                0.0,
                0.15385048602740772,
                0.1933416873309417,
                0.0,
                0.15385048602741797,
                0.0,
                0.0,
                0.0
            ],
            [
                0.0,
                0.1933416873309417,
                0.2429697105624814,
                0.0,
                0.19334168733095036,
                0.0,
                0.0,
                1.3877787807814457e-17
            ],
            [
                -6.938893903907228e-18,
                0.0,
                0.0,
                -3.9170056087556304e-15,
                0.0,
                -1.2212453270876722e-14,
                -1.2420620087993939e-14,
                0.0
            ],
            [
                0.0,
                0.15385048602741797,
                0.19334168733095036,
                0.0,
                0.15385048602741308,
                0.0,
                0.0,
                1.3877787807814457e-17
            ],
            [
                1.3877787807814457e-17,
                0.0,
                0.0,
                -1.2212453270876722e-14,
                0.0,
                -1.0772632785815972e-14,
                -7.764622278472189e-15,
                0.0
            ],
            [
                0.0,
                0.0,
                0.0,
                -1.2420620087993939e-14,
                0.0,
                -7.764622278472189e-15,
                -5.034167527284694e-15,
                0.0
            ],
            [
                0.0,
                0.0,
                1.3877787807814457e-17,
                0.0,
                1.3877787807814457e-17,
                0.0,
                0.0,
                3.469446951953614e-18
            ]
        ]
    },
    {
        "d": 2,
        "eps_d": 1.6,
        "matrix": [
            [
                0.4393537089596103,
                0.0,
                0.0,
                0.0,
                0.0,
                1.3877787807814457e-17,
                6.938893903907228e-18,
                0.0
            ],
            [
                0.0,
                0.15588751072159177,
                0.19696680610611972,
                0.0,
                0.1558875107216081,
                0.0,
                0.0,
                0.0
            ],
            [
                0.0,
                0.19696680610611972,
                0.2488712695972732,
                0.0,
                0.19696680610611028,
                0.0,
                0.0,
                0.0
            ],
            [
                0.0,
                0.0,
                0.0,
                -1.1704179292415517e-14,
                0.0,
                -1.4307999229856705e-14,
                -5.9396931817445875e-15,
                0.0
            ],
            [
                0.0,
                0.1558875107216081,
                0.19696680610611028,
                0.0,
                0.15588751072158066,
                0.0,
                0.0,
                0.0
            ],
            [
                1.3877787807814457e-17,
                0.0,
                0.0,
                -1.4307999229856705e-14,
                0.0,
                -3.085552646719947e-14,
                -2.0622392682412283e-14,
                0.0
            ],
            [
                6.938893903907228e-18,
                0.0,
                0.0,
                -5.9396931817445875e-15,
                0.0,
                -2.0622392682412283e-14,
                -1.3341758253737623e-14,
                0.0
            ],
            [
                0.0,
                0.0,
                0.0,
                0.0,
                0.0,
                0.0,
                0.0,
                -8.673617379884035e-18
            ]
        ]
    },
    {
        "d": 2,
        "eps_d": 1.7000000000000002,
        "matrix": [
            [
                0.429830053390542,
                0.0,
                0.0,
                6.938893903907228e-18,
                0.0,
                6.938893903907228e-18,
                6.938893903907228e-18,
                0.0
            ],
            [
                0.0,
                0.15782618248773814,
                0.20042339754967653,
                0.0,
                0.15782618248785002,
                0.0,
                0.0,
                2.7755575615628914e-17
            ],
            [
                0.0,
                0.20042339754967653,
                0.25451758163423505,
                0.0,
                0.20042339754970362,
                0.0,
                0.0,
                1.3877787807814457e-17
            ],
            [
                6.938893903907228e-18,
                0.0,
                0.0,
                -5.912284550824154e-14,
                0.0,
                -1.0767775560083237e-13,
                -7.793765632868599e-14,
                0.0
            ],
            [
                0.0,
                0.15782618248785002,
                0.20042339754970362,
                0.0,
                0.1578261824877628,
                0.0,
                0.0,
                1.3877787807814457e-17
            ],
            [
                6.938893903907228e-18,
                0.0,
                0.0,
                -1.0767775560083237e-13,
                0.0,
                -1.539358918112299e-13,
                -1.0195316813010891e-13,
                0.0
            ],
            [
                6.938893903907228e-18,
                0.0,
                0.0,
                -7.793765632868599e-14,
                0.0,
                -1.0195316813010891e-13,
                -6.490988302410017e-14,
                0.0
            ],
            [
                0.0,
                2.7755575615628914e-17,
                1.3877787807814457e-17,
                0.0,
                1.3877787807814457e-17,
                0.0,
                0.0,
                3.469446951953614e-18
            ]
        ]
    },
    {
        "d": 2,
        "eps_d": 1.8,
        "matrix": [
            [
                0.241442551996345,
                0.0,
                0.0,
                -1.3877787807814457e-17,
                0.0,
                -1.734723475976807e-18,
                -5.204170427930421e-18,
                0.0
            ],
            [
                0.0,
                0.18127103455192023,
                0.13657521747925985,
                0.0,
                0.09445234769995862,
                0.0,
                0.0,
                -1.734723475976807e-18
            ],
            [
                0.0,
                0.13657521747925985,
                0.14917930552322656,
                0.0,
                0.13657521747923945,
                0.0,
                0.0,
                1.734723475976807e-18
            ],
            [
                -1.3877787807814457e-17,
                0.0,
                0.0,
                0.05537879567697517,
                0.0,
                0.08680934541840886,
                0.0553787956769307,
                0.0
            ],
            [
                0.0,
                0.09445234769995862,
                0.13657521747923945,
                0.0,
                0.18127103455182603,
                0.0,
                0.0,
                -2.0816681711721685e-17
            ],
            [
                -1.734723475976807e-18,
                0.0,
                0.0,
                0.08680934541840886,
                0.0,
                0.1360784820228062,
                0.08680934541832797,
                0.0
            ],
            [
