[
    {
        "d": 3,
        "eps_d": 0.0,
        "matrix": [
            [
                1.0000000000000087,
                0.0,
                0.0,
                0.0,
                0.0,
                -4.930380657631324e-31,
                0.0,
                0.0
            ],
            [
                0.0,
                -9.992007221626409e-15,
                6.93889390390703e-17,
                0.0,
                -1.353084311261864e-16,
                0.0,
                0.0,
                0.0
            ],
            [
                0.0,
                6.93889390390703e-17,
                -8.881784197001252e-16,
                0.0,
                1.45716771982066e-16,
                0.0,
                0.0,
                3.106139814307734e-30
            ],
            [
                0.0,
                0.0,
                0.0,
                0.0,
                0.0,
                -9.575673587392093e-16,
                8.708311849403495e-16,
                0.0
            ],
            [
                0.0,
                -1.353084311261864e-16,
                1.45716771982066e-16,
                0.0,
                2.220446049250313e-15,
                0.0,
                0.0,
                2.465190328815662e-31
            ],
            [
                -4.930380657631324e-31,
                0.0,
                0.0,
                -9.575673587392093e-16,
                0.0,
                0.0,
                -7.395570986446986e-31,
                0.0
            ],
            [
                0.0,
                0.0,
                0.0,
                8.708311849403495e-16,
                0.0,
                -7.395570986446986e-31,
                0.0,
                0.0
            ],
            [
                0.0,
                0.0,
                3.106139814307734e-30,
                0.0,
                2.465190328815662e-31,
                0.0,
                0.0,
                0.0
            ]
        ]
    },
    {
        "d": 3,
        "eps_d": 0.1,
        "matrix": [
            [
                1.000000000000002,
                0.0,
                0.0,
                0.0,
                0.0,
                -1.232595164407831e-32,
                -1.1832913578315177e-30,
                0.0
            ],
            [
                0.0,
                -2.220446049250313e-16,
                8.396061623727736e-16,
                0.0,
                -2.879640970121472e-16,
                0.0,
                0.0,
                -1.1832913578315177e-30
            ],
            [
                0.0,
                8.396061623727736e-16,
                -1.1102230246251565e-15,
                0.0,
                8.708311849403577e-16,
                0.0,
                0.0,
                0.0
            ],
            [
                0.0,
                0.0,
                0.0,
                0.0,
                0.0,
                -2.25514051876986e-16,
                3.122502256758433e-17,
                0.0
            ],
            [
                0.0,
                -2.879640970121472e-16,
                8.708311849403577e-16,
                0.0,
                -7.771561172376096e-16,
                0.0,
                0.0,
                0.0
            ],
            [
                -1.232595164407831e-32,
                0.0,
                0.0,
                -2.25514051876986e-16,
                0.0,
                0.0,
                0.0,
                0.0
            ],
            [
                -1.1832913578315177e-30,
                0.0,
                0.0,
                3.122502256758433e-17,
                0.0,
                0.0,
                0.0,
                0.0
            ],
            [
                0.0,
                -1.1832913578315177e-30,
                0.0,
                0.0,
                0.0,
                0.0,
                0.0,
                0.0
            ]
        ]
    },
    {
        "d": 3,
        "eps_d": 0.2,
        "matrix": [
            [
                0.9999999999999972,
                0.0,
                0.0,
                0.0,
                0.0,
                0.0,
                -2.5268200870360534e-30,
                0.0
            ],
            [
                0.0,
                1.2351231148954867e-15,
                -2.6437185773886485e-15,
                0.0,
                -3.5908775952719986e-16,
                0.0,
                0.0,
                -1.0477058897466563e-30
            ],
            [
                0.0,
                -2.6437185773886485e-15,
                2.067790383364354e-15,
                0.0,
                2.8796409701215185e-16,
                0.0,
                0.0,
                0.0
            ],
            [
                0.0,
                0.0,
                0.0,
                0.0,
                0.0,
                7.112366251504903e-16,
                -7.112366251505428e-17,
                0.0
            ],
            [
                0.0,
                -3.5908775952719986e-16,
                2.8796409701215185e-16,
                0.0,
                -5.551115123125783e-16,
                0.0,
                0.0,
                0.0
            ],
            [
                0.0,
                0.0,
                0.0,
                7.112366251504903e-16,
                0.0,
                2.7755575615628914e-17,
                0.0,
                0.0
            ],
            [
                -2.5268200870360534e-30,
                0.0,
                0.0,
                -7.112366251505428e-17,
                0.0,
                0.0,
                0.0,
                0.0
            ],
            [
                0.0,
                -1.0477058897466563e-30,
                0.0,
                0.0,
                0.0,
                0.0,
                0.0,
                0.0
            ]
        ]
    },
    {
        "d": 3,
        "eps_d": 0.30000000000000004,
        "matrix": [
            [
                0.9999999999999956,
                0.0,
                0.0,
                0.0,
                0.0,
                -1.7749370367472766e-30,
                -4.930380657631324e-32,
                0.0
            ],
            [
                0.0,
                -2.7755575615628914e-15,
                2.2273849431541895e-15,
                0.0,
                3.625572064791146e-16,
                0.0,
                0.0,
                4.930380657631324e-32
            ],
            [
                0.0,
                2.2273849431541895e-15,
                -1.7763568394002505e-15,
                0.0,
                -3.1398494915180133e-15,
                0.0,
                0.0,
                1.7749370367472766e-30
            ],
            [
                0.0,
                0.0,
                0.0,
                0.0,
                0.0,
                -2.5847379792054516e-15,
                1.379105163401538e-15,
                0.0
            ],
            [
                0.0,
                3.625572064791146e-16,
                -3.1398494915180133e-15,
                0.0,
                8.867906409193438e-15,
                0.0,
                0.0,
                -9.860761315262648e-32
            ],
            [
                -1.7749370367472766e-30,
                0.0,
                0.0,
                -2.5847379792054516e-15,
                0.0,
                0.0,
                2.3863042382935607e-29,
                0.0
            ],
            [
                -4.930380657631324e-32,
                0.0,
                0.0,
                1.379105163401538e-15,
                0.0,
                2.3863042382935607e-29,
                0.0,
                0.0
            ],
            [
                0.0,
                4.930380657631324e-32,
                1.7749370367472766e-30,
                0.0,
                -9.860761315262648e-32,
                0.0,
                0.0,
                0.0
            ]
        ]
    },
    {
        "d": 3,
        "eps_d": 0.4,
        "matrix": [
            [
                1.0000000000000018,
                0.0,
                0.0,
                -8.480254731125877e-30,
                0.0,
                -6.064368208886528e-30,
                7.561971333642043e-30,
                0.0
            ],
            [
                0.0,
                1.915134717478395e-15,
                -2.373101715136283e-15,
                0.0,
                -4.961309141293911e-16,
                0.0,
                0.0,
                7.426385865557181e-30
            ],
            [
                0.0,
                -2.373101715136283e-15,
                2.3037127760972e-15,
                0.0,
                2.192690473634693e-15,
                0.0,
                0.0,
                -1.8242408433235898e-30
            ],
            [
                -8.480254731125877e-30,
                0.0,
                0.0,
                0.0,
                0.0,
                2.0261570199409123e-15,
                -1.6792123247455668e-15,
                0.0
            ],
            [
                0.0,
                -4.961309141293911e-16,
                2.192690473634693e-15,
                0.0,
                -5.995204332975845e-15,
                0.0,
                0.0,
                0.0
            ],
            [
                -6.064368208886528e-30,
                0.0,
                0.0,
                2.0261570199409123e-15,
                0.0,
                2.7755575615628914e-17,
                1.67632942359465e-29,
                0.0
            ],
            [
                7.561971333642043e-30,
                0.0,
                0.0,
                -1.6792123247455668e-15,
                0.0,
                1.67632942359465e-29,
                -2.7755575615628914e-17,
                0.0
            ],
            [
                0.0,
                7.426385865557181e-30,
                -1.8242408433235898e-30,
                0.0,
                0.0,
                0.0,
                0.0,
                0.0
            ]
        ]
    },
    {
        "d": 3,
        "eps_d": 0.5,
        "matrix": [
            [
                0.9999999999999745,
                0.0,
                0.0,
                -1.3016204936146695e-29,
                0.0,
                2.3665827156630354e-29,
                -1.1044052673094165e-29,
                0.0
            ],
            [
                0.0,
                2.9698465908722937e-15,
                -7.320533068622118e-15,
                0.0,
                8.252079575221638e-15,
                0.0,
                0.0,
                -1.1044052673094165e-29
            ],
            [
                0.0,
                -7.320533068622118e-15,
                9.520162436160717e-15,
                0.0,
                -1.1234069230425815e-14,
                0.0,
                0.0,
                1.064962222048366e-29
            ],
            [
                -1.3016204936146695e-29,
                0.0,
                0.0,
                0.0,
                0.0,
                -1.3114509478384662e-15,
                1.2993078835066613e-15,
                0.0
            ],
            [
                0.0,
                8.252079575221638e-15,
                -1.1234069230425815e-14,
                0.0,
                1.3072876114961218e-14,
                0.0,
                0.0,
                1.3016204936146695e-29
            ],
            [
                2.3665827156630354e-29,
                0.0,
                0.0,
                -1.3114509478384662e-15,
                0.0,
                -2.7755575615628914e-17,
                -3.944304526105059e-31,
                0.0
            ],
            [
                -1.1044052673094165e-29,
                0.0,
                0.0,
                1.2993078835066613e-15,
                0.0,
                -3.944304526105059e-31,
                0.0,
                0.0
            ],
            [
                0.0,
                -1.1044052673094165e-29,
                1.064962222048366e-29,
                0.0,
                1.3016204936146695e-29,
                0.0,
                0.0,
                0.0
            ]
        ]
    },
    {
        "d": 3,
        "eps_d": 0.6000000000000001,
        "matrix": [
            [
                0.9999999999999906,
                0.0,
                0.0,
                -1.232595164407831e-32,
                0.0,
                9.762153702110021e-30,
                7.099748146989106e-30,
                0.0
            ],
            [
                0.0,
                -2.123301534595612e-15,
                6.938893903893821e-18,
                0.0,
                1.7191109646929673e-15,
                0.0,
                0.0,
                7.099748146989106e-30
            ],
            [
                0.0,
                6.938893903893821e-18,
                2.3869795029440866e-15,
                0.0,
                -6.449701883681783e-15,
                0.0,
                0.0,
                6.015064402310215e-30
            ],
            [
                -1.232595164407831e-32,
                0.0,
                0.0,
                0.0,
                0.0,
                -1.8214596497756167e-15,
                2.739128368567359e-15,
                0.0
            ],
            [
                0.0,
                1.7191109646929673e-15,
                -6.449701883681783e-15,
                0.0,
                9.18709552877317e-15,
                0.0,
                0.0,
                1.232595164407831e-32
            ],
            [
                9.762153702110021e-30,
                0.0,
                0.0,
                -1.8214596497756167e-15,
                0.0,
                -1.3877787807814457e-17,
                2.0719924713695638e-29,
                0.0
            ],
            [
                7.099748146989106e-30,
                0.0,
                0.0,
                2.739128368567359e-15,
                0.0,
                2.0719924713695638e-29,
                0.0,
                0.0
            ],
            [
                0.0,
                7.099748146989106e-30,
                6.015064402310215e-30,
                0.0,
                1.232595164407831e-32,
                0.0,
                0.0,
                0.0
            ]
        ]
    },
    {
        "d": 3,
        "eps_d": 0.7,
        "matrix": [
            [
                1.0000000000000198,
                0.0,
                0.0,
                -1.00579765415679e-29,
                0.0,
                -6.7053176943786e-30,
                7.494178599599612e-30,
                0.0
            ],
            [
                0.0,
                -1.4432899320127035e-15,
                5.676015213396113e-15,
                0.0,
                -5.863365348801669e-15,
                0.0,
                0.0,
                -7.099748146989106e-30
            ],
            [
                0.0,
                5.676015213396113e-15,
                -9.575673587391975e-15,
                0.0,
                9.14546216534971e-15,
                0.0,
                0.0,
                -6.7053176943786e-30
            ],
            [
                -1.00579765415679e-29,
                0.0,
                0.0,
                0.0,
                0.0,
                1.1796119636642399e-15,
                -1.9428902930940504e-15,
                0.0
            ],
            [
                0.0,
                -5.863365348801669e-15,
                9.14546216534971e-15,
                0.0,
                -8.909539772616881e-15,
                0.0,
                0.0,
                9.860761315262648e-30
            ],
            [
                -6.7053176943786e-30,
                0.0,
                0.0,
                1.1796119636642399e-15,
                0.0,
                0.0,
                1.00579765415679e-29,
                0.0
            ],
            [
                7.494178599599612e-30,
                0.0,
                0.0,
                -1.9428902930940504e-15,
                0.0,
                1.00579765415679e-29,
                2.7755575615628914e-17,
                0.0
            ],
            [
                0.0,
                -7.099748146989106e-30,
                -6.7053176943786e-30,
                0.0,
                9.860761315262648e-30,
                0.0,
                0.0,
                0.0
            ]
        ]
    },
    {
        "d": 3,
        "eps_d": 0.8,
        "matrix": [
            [
                0.9999999999999867,
                0.0,
                0.0,
                3.4512664603419266e-30,
                0.0,
                1.4396711520283465e-29,
                -1.9721522630525295e-31,
                0.0
            ],
            [
                0.0,
                -7.188694084447889e-15,
                -1.9567680809018467e-15,
                0.0,
                3.755676325489699e-15,
                0.0,
                0.0,
                1.9721522630525295e-31
            ],
            [
                0.0,
                -1.9567680809018467e-15,
                4.260480856999038e-15,
                0.0,
                -1.0812531425763489e-14,
                0.0,
                0.0,
                3.747089299799806e-30
            ],
            [
                3.4512664603419266e-30,
                0.0,
                0.0,
                -2.7755575615628914e-17,
                0.0,
                -5.251007961781767e-15,
                6.6387867425632305e-15,
                0.0
            ],
            [
                0.0,
                3.755676325489699e-15,
                -1.0812531425763489e-14,
                0.0,
                1.619537837171947e-14,
                0.0,
                0.0,
                -3.4512664603419266e-30
            ],
            [
                1.4396711520283465e-29,
                0.0,
                0.0,
                -5.251007961781767e-15,
                0.0,
                2.7755575615628914e-17,
                2.435608044869874e-29,
                0.0
            ],
            [
                -1.9721522630525295e-31,
                0.0,
                0.0,
                6.6387867425632305e-15,
                0.0,
                2.435608044869874e-29,
                0.0,
                0.0
            ],
            [
                0.0,
                1.9721522630525295e-31,
                3.747089299799806e-30,
                0.0,
                -3.4512664603419266e-30,
                0.0,
                0.0,
                -2.7755575615628914e-17
            ]
        ]
    },
    {
        "d": 3,
        "eps_d": 0.8999999999999999,
        "matrix": [
            [
                0.9999999999999312,
                0.0,
                0.0,
                0.0,
                0.0,
                0.0,
                -1.34106353887572e-29,
                0.0
            ],
            [
                0.0,
                3.817779425929757e-14,
                -1.963013085415353e-14,
                0.0,
                2.0091567298763547e-14,
                0.0,
                0.0,
                1.34106353887572e-29
            ],
            [
                0.0,
                -1.963013085415353e-14,
                1.983135877736686e-14,
                0.0,
                -1.448147157745437e-14,
                0.0,
                0.0,
                0.0
            ],
            [
                0.0,
                0.0,
                0.0,
                0.0,
                0.0,
                5.377642775527992e-16,
                -8.014422459012814e-15,
                0.0
            ],
            [
                0.0,
                2.0091567298763547e-14,
                -1.448147157745437e-14,
                0.0,
                1.0852430065710905e-14,
                0.0,
                0.0,
                0.0
            ],
            [
                0.0,
                0.0,
                0.0,
                5.377642775527992e-16,
                0.0,
                0.0,
                -3.470987982972452e-29,
                0.0
            ],
            [
                -1.34106353887572e-29,
                0.0,
                0.0,
                -8.014422459012814e-15,
                0.0,
                -3.470987982972452e-29,
                0.0,
                0.0
            ],
            [
                0.0,
                1.34106353887572e-29,
                0.0,
                0.0,
                0.0,
                0.0,
                0.0,
                0.0
            ]
        ]
    },
    {
        "d": 3,
        "eps_d": 1.0,
        "matrix": [
            [
                1.0000000000003717,
                0.0,
                0.0,
                -1.199068575935938e-28,
                0.0,
                9.781875224740546e-29,
                1.262177448353619e-28,
                0.0
            ],
            [
                0.0,
                -1.155742168634788e-13,
                1.340004496253043e-13,
                0.0,
                -1.031735460954578e-13,
                0.0,
                0.0,
                -1.199068575935938e-28
            ],
            [
                0.0,
                1.340004496253043e-13,
                -1.6142642778049776e-13,
                0.0,
                1.2432589679978237e-13,
                0.0,
                0.0,
                -9.781875224740546e-29
            ],
            [
                -1.199068575935938e-28,
                0.0,
                0.0,
                0.0,
                0.0,
                -7.398595625041631e-15,
                7.073334973295415e-15,
                0.0
            ],
            [
                0.0,
                -1.031735460954578e-13,
                1.2432589679978237e-13,
                0.0,
                -9.472977957614148e-14,
                0.0,
                0.0,
                1.199068575935938e-28
            ],
            [
                9.781875224740546e-29,
                0.0,
                0.0,
                -7.398595625041631e-15,
                0.0,
                0.0,
                -1.199068575935938e-28,
                0.0
            ],
            [
                1.262177448353619e-28,
                0.0,
                0.0,
                7.073334973295415e-15,
                0.0,
                -1.199068575935938e-28,
                -2.7755575615628914e-17,
                0.0
            ],
            [
                0.0,
                -1.199068575935938e-28,
                -9.781875224740546e-29,
                0.0,
                1.199068575935938e-28,
                0.0,
                0.0,
                0.0
            ]
        ]
    },
    {
        "d": 3,
        "eps_d": 1.0999999999999999,
        "matrix": [
            [
                0.9999999999997795,
                0.0,
                0.0,
                6.310887241768094e-29,
                0.0,
                3.1554436208840472e-30,
                -3.1554436208840472e-30,
                0.0
            ],
            [
                0.0,
                1.3040957203003245e-13,
                -7.04436509124666e-14,
                0.0,
                5.8949373160644e-14,
                0.0,
                0.0,
                0.0
            ],
            [
                0.0,
                -7.04436509124666e-14,
                8.316958233223204e-14,
                0.0,
                -3.6009389914326057e-14,
                0.0,
                0.0,
                3.1554436208840472e-30
            ],
            [
                6.310887241768094e-29,
                0.0,
                0.0,
                0.0,
                0.0,
                2.6745966552609897e-14,
                -5.1070259132757226e-14,
                0.0
            ],
            [
                0.0,
                5.8949373160644e-14,
                -3.6009389914326057e-14,
                0.0,
                7.008282842946301e-15,
                0.0,
                0.0,
                6.310887241768094e-29
            ],
            [
                3.1554436208840472e-30,
                0.0,
                0.0,
                2.6745966552609897e-14,
                0.0,
                -1.3877787807814457e-17,
                -6.310887241768094e-29,
                0.0
            ],
            [
                -3.1554436208840472e-30,
                0.0,
                0.0,
                -5.1070259132757226e-14,
                0.0,
                -6.310887241768094e-29,
                -1.3877787807814457e-17,
                0.0
            ],
            [
                0.0,
                0.0,
                3.1554436208840472e-30,
                0.0,
                6.310887241768094e-29,
                0.0,
                0.0,
                0.0
            ]
        ]
    },
    {
        "d": 3,
        "eps_d": 1.2000000000000002,
        "matrix": [
            [
                0.6432165924697569,
                0.0,
                0.0,
                -6.938893903907228e-18,
                0.0,
                -1.3877787807814457e-17,
                -6.938893903907228e-18,
                0.0
            ],
            [
                0.0,
                0.10119836717579572,
                -0.12499471684598866,
                0.0,
                0.10119836717581736,
                0.0,
                0.0,
                6.938893903907228e-18
            ],
            [
                0.0,
                -0.12499471684598866,
                0.15438667317861401,
                0.0,
                -0.12499471684589356,
                0.0,
                0.0,
                3.469446951953614e-18
            ],
            [
                -6.938893903907228e-18,
                0.0,
                0.0,
                -7.7021722333370235e-16,
                0.0,
                9.019868185689006e-14,
                2.2929574905461436e-14,
                0.0
            ],
            [
                0.0,
                0.10119836717581736,
                -0.12499471684589356,
                0.0,
                0.10119836717583536,
                0.0,
                0.0,
                6.938893903907228e-18
            ],
            [
                -1.3877787807814457e-17,
                0.0,
                0.0,
                9.019868185689006e-14,
                0.0,
                -1.2836953722228372e-15,
                3.2612801348363973e-16,
                0.0
            ],
            [
                -6.938893903907228e-18,
                0.0,
                0.0,
                2.2929574905461436e-14,
                0.0,
                3.2612801348363973e-16,
                2.0816681711721685e-17,
                0.0
            ],
            [
                0.0,
                6.938893903907228e-18,
                3.469446951953614e-18,
                0.0,
                6.938893903907228e-18,
                0.0,
                0.0,
                -6.938893903907228e-18
            ]
        ]
    },
    {
        "d": 3,
        "eps_d": 1.3,
        "matrix": [
            [
                0.6337264075068825,
                0.0,
                0.0,
                -6.938893903907228e-18,
                0.0,
                -6.938893903907228e-18,
                0.0,
                0.0
            ],
            [
                0.0,
                0.10325162155322673,
                -0.12843888683064741,
                0.0,
                0.10325162155320149,
                0.0,
                0.0,
                1.3877787807814457e-17
            ],
            [
                0.0,
                -0.12843888683064741,
                0.1597703493867004,
                0.0,
                -0.12843888683064675,
                0.0,
                0.0,
                -6.938893903907228e-18
            ],
            [
                -6.938893903907228e-18,
                0.0,
                0.0,
                1.9567680809018384e-15,
                0.0,
                5.342948306008566e-15,
                -2.228078832544611e-14,
                0.0
            ],
            [
                0.0,
                0.10325162155320149,
                -0.12843888683064675,
                0.0,
                0.10325162155318579,
                0.0,
                0.0,
                1.3877787807814457e-17
            ],
            [
                -6.938893903907228e-18,
                0.0,
                0.0,
                5.342948306008566e-15,
                0.0,
                2.42861286636753e-15,
                -4.371503159461554e-16,
                0.0
            ],
            [
                0.0,
                0.0,
                0.0,
                -2.228078832544611e-14,
                0.0,
                -4.371503159461554e-16,
                2.636779683484747e-16,
                0.0
            ],
            [
                0.0,
                1.3877787807814457e-17,
                -6.938893903907228e-18,
                0.0,
                1.3877787807814457e-17,
                0.0,
                0.0,
                1.3877787807814457e-17
            ]
        ]
    },
    {
        "d": 3,
        "eps_d": 1.4,
        "matrix": [
            [
                0.6246566323656587,
                0.0,
                0.0,
                -6.938893903907228e-18,
                0.0,
                3.469446951953614e-18,
                -6.938893903907228e-18,
                0.0
            ],
            [
                0.0,
                0.10520445003568822,
                -0.13172638289988775,
                0.0,
                0.10520445003567822,
                0.0,
                0.0,
                0.0
            ],
            [
                0.0,
                -0.13172638289988775,
                0.16493446756298022,
                0.0,
                -0.1317263828998939,
                0.0,
                0.0,
                1.734723475976807e-17
            ],
            [
                -6.938893903907228e-18,
                0.0,
                0.0,
                2.6020852139652106e-16,
                0.0,
                -6.800116025829084e-16,
                -1.2868178744795955e-14,
                0.0
            ],
            [
                0.0,
                0.10520445003567822,
                -0.1317263828998939,
                0.0,
                0.1052044500356711,
                0.0,
                0.0,
                -1.3877787807814457e-17
            ],
            [
                3.469446951953614e-18,
                0.0,
                0.0,
                -6.800116025829084e-16,
                0.0,
                1.0928757898653885e-15,
                -7.147060721024445e-16,
                0.0
            ],
            [
                -6.938893903907228e-18,
                0.0,
                0.0,
                -1.2868178744795955e-14,
                0.0,
                -7.147060721024445e-16,
                3.5735303605122226e-16,
                0.0
            ],
            [
                0.0,
                0.0,
                1.734723475976807e-17,
                0.0,
                -1.3877787807814457e-17,
                0.0,
                0.0,
                -1.0408340855860843e-17
            ]
        ]
    },
    {
        "d": 3,
        "eps_d": 1.5,
        "matrix": [
            [
                0.6159288441099197,
                0.0,
                0.0,
                2.7755575615628914e-17,
                0.0,
                -3.469446951953614e-18,
                6.938893903907228e-18,
                0.0
            ],
            [
                0.0,
                0.10707841646657945,
                -0.13488571695039742,
                0.0,
                0.107078416466581,
                0.0,
                0.0,
                6.938893903907228e-18
            ],
            [
                0.0,
                -0.13488571695039742,
                0.16991432295694384,
                0.0,
                -0.13488571695038634,
                0.0,
                0.0,
                6.938893903907228e-18
            ],
            [
                2.7755575615628914e-17,
                0.0,
                0.0,
                -1.366962099069724e-15,
                0.0,
                2.5306146067549662e-14,
                -1.4890866317784912e-14,
                0.0
            ],
            [
                0.0,
                0.107078416466581,
                -0.13488571695038634,
                0.0,
                0.10707841646656732,
                0.0,
                0.0,
                -1.3877787807814457e-17
            ],
            [
                -3.469446951953614e-18,
                0.0,
                0.0,
                2.5306146067549662e-14,
                0.0,
                -5.891120924417237e-15,
                4.85722573273506e-15,
                0.0
            ],
            [
                6.938893903907228e-18,
                0.0,
                0.0,
                -1.4890866317784912e-14,
                0.0,
                4.85722573273506e-15,
                -3.1988300897012323e-15,
                0.0
            ],
            [
                0.0,
                6.938893903907228e-18,
                6.938893903907228e-18,
                0.0,
                -1.3877787807814457e-17,
                0.0,
                0.0,
                -2.0816681711721685e-17
            ]
        ]
    },
    {
        "d": 3,
        "eps_d": 1.6,
        "matrix": [
            [
                0.6074823667459682,
                0.0,
                0.0,
                6.938893903907228e-18,
                0.0,
                6.938893903907228e-18,
                -6.938893903907228e-18,
                0.0
            ],
            [
                0.0,
                0.1088898587357634,
                -0.13793906975668035,
                0.0,
                0.10888985873576672,
                0.0,
                0.0,
                6.938893903907228e-18
            ],
            [
                0.0,
                -0.13793906975668035,
                0.17473791578249706,
                0.0,
                -0.13793906975668344,
                0.0,
                0.0,
                -6.938893903907228e-18
            ],
            [
                6.938893903907228e-18,
                0.0,
                0.0,
                7.077671781985373e-16,
                0.0,
                -7.056855100273651e-15,
                7.306655280814311e-15,
                0.0
            ],
            [
                0.0,
                0.10888985873576672,
                -0.13793906975668344,
                0.0,
                0.10888985873577062,
                0.0,
                0.0,
                0.0
            ],
            [
                6.938893903907228e-18,
                0.0,
                0.0,
                -7.056855100273651e-15,
                0.0,
                2.636779683484747e-16,
                3.8163916471489756e-16,
                0.0
            ],
            [
                -6.938893903907228e-18,
                0.0,
                0.0,
                7.306655280814311e-15,
                0.0,
                3.8163916471489756e-16,
                -2.7755575615628914e-16,
                0.0
            ],
            [
                0.0,
                6.938893903907228e-18,
                -6.938893903907228e-18,
                0.0,
                0.0,
                0.0,
                0.0,
                -1.3877787807814457e-17
            ]
        ]
    },
    {
        "d": 3,
        "eps_d": 1.7,
        "matrix": [
            [
                0.5992697110906218,
                0.0,
                0.0,
                0.0,
                0.0,
                -6.938893903907228e-18,
                -2.0816681711721685e-17,
                0.0
            ],
            [
                0.0,
                0.11065129596256576,
                -0.14090389349797777,
                0.0,
                0.11065129596256996,
                0.0,
                0.0,
                0.0
            ],
            [
                0.0,
                -0.14090389349797777,
                0.17942769698425465,
                0.0,
                -0.14090389349796872,
                0.0,
                0.0,
                -1.3877787807814457e-17
            ],
            [
                0.0,
                0.0,
                0.0,
                -1.987993103469421e-15,
                0.0,
                -5.4539706084710815e-15,
                1.1726730697603216e-14,
                0.0
            ],
            [
                0.0,
                0.11065129596256996,
                -0.14090389349796872,
                0.0,
                0.11065129596256493,
                0.0,
                0.0,
                -6.938893903907228e-18
            ],
            [
                -6.938893903907228e-18,
                0.0,
                0.0,
                -5.4539706084710815e-15,
                0.0,
                -3.4590386110977533e-15,
                2.1510571102112408e-15,
                0.0
            ],
            [
                -2.0816681711721685e-17,
                0.0,
                0.0,
                1.1726730697603216e-14,
                0.0,
                2.1510571102112408e-15,
                -1.7937040741600185e-15,
                0.0
            ],
            [
                0.0,
                0.0,
                -1.3877787807814457e-17,
                0.0,
                -6.938893903907228e-18,
                0.0,
                0.0,
                -1.0408340855860843e-17
            ]
        ]
    },
    {
        "d": 3,
        "eps_d": 1.7999999999999998,
        "matrix": [
            [
                0.5912533511679462,
                0.0,
                0.0,
                0.0,
                0.0,
                6.938893903907228e-18,
                -1.3877787807814457e-17,
                0.0
            ],
            [
                0.0,
                0.1123724096797502,
                -0.14379405051428468,
                0.0,
                0.11237240967974309,
                0.0,
                0.0,
                1.3877787807814457e-17
            ],
            [
                0.0,
                -0.14379405051428468,
                0.18400182947252963,
                0.0,
                -0.14379405051430408,
                0.0,
                0.0,
                2.0816681711721685e-17
            ],
            [
                0.0,
                0.0,
                0.0,
                3.750472155061857e-15,
                0.0,
                -5.009881398621019e-15,
                -9.110767695830191e-15,
                0.0
            ],
            [
                0.0,
                0.11237240967974309,
