[
    {
        "d": 4,
        "eps_d": 0.0,
        "matrix": [
            [
                1.0000000000000087,
                0.0,
                0.0,
                6.286235338479938e-31,
                0.0,
                0.0,
                0.0,
                0.0
            ],
            [
                0.0,
                -1.1407541578023483e-14,
                -3.538835890992715e-16,
                0.0,
                -2.2128923772198914e-17,
                0.0,
                0.0,
                0.0
            ],
            [
                0.0,
                -3.538835890992715e-16,
                -8.604228440844963e-16,
                0.0,
                2.151057110211051e-16,
                0.0,
                0.0,
                -2.465190328815662e-32
            ],
            [
                6.286235338479938e-31,
                0.0,
                0.0,
                0.0,
                0.0,
                1.2351231148954932e-15,
                8.570284855969615e-16,
                0.0
            ],
            [
                0.0,
                -2.2128923772198914e-17,
                2.151057110211051e-16,
                0.0,
                3.802513859341161e-15,
                0.0,
                0.0,
                -6.409494854920721e-31
            ],
            [
                0.0,
                0.0,
                0.0,
                1.2351231148954932e-15,
                0.0,
                -2.7755575615628914e-17,
                -6.286235338479938e-31,
                0.0
            ],
            [
                0.0,
                0.0,
                0.0,
                8.570284855969615e-16,
                0.0,
                -6.286235338479938e-31,
                -2.7755575615628914e-17,
                0.0
            ],
            [
                0.0,
                0.0,
                -2.465190328815662e-32,
                0.0,
                -6.409494854920721e-31,
                0.0,
                0.0,
                0.0
            ]
        ]
    },
    {
        "d": 4,
        "eps_d": 0.1,
        "matrix": [
            [
                1.0000000000000047,
                0.0,
                0.0,
                0.0,
                0.0,
                1.5777218104420236e-30,
                -5.9164567891575885e-30,
                0.0
            ],
            [
                0.0,
                -3.760880495917718e-15,
                -2.9212743335449226e-15,
                0.0,
                -1.0829011298785337e-15,
                0.0,
                0.0,
                2.9582283945787943e-30
            ],
            [
                0.0,
                -2.9212743335449226e-15,
                -3.552713678800501e-15,
                0.0,
                -1.033895191682188e-15,
                0.0,
                0.0,
                1.5777218104420236e-30
            ],
            [
                0.0,
                0.0,
                0.0,
                0.0,
                0.0,
                1.4363510381087949e-15,
                6.459676543668515e-16,
                0.0
            ],
            [
                0.0,
                -1.0829011298785337e-15,
                -1.033895191682188e-15,
                0.0,
                2.6645352591003757e-15,
                0.0,
                0.0,
                -9.860761315262648e-32
            ],
            [
                1.5777218104420236e-30,
                0.0,
                0.0,
                1.4363510381087949e-15,
                0.0,
                0.0,
                -1.0452406994178406e-29,
                0.0
            ],
            [
                -5.9164567891575885e-30,
                0.0,
                0.0,
                6.459676543668515e-16,
                0.0,
                -1.0452406994178406e-29,
                0.0,
                0.0
            ],
            [
                0.0,
                2.9582283945787943e-30,
                1.5777218104420236e-30,
                0.0,
                -9.860761315262648e-32,
                0.0,
                0.0,
                0.0
            ]
        ]
    },
    {
        "d": 4,
        "eps_d": 0.2,
        "matrix": [
            [
                1.0000000000000049,
                0.0,
                0.0,
                0.0,
                0.0,
                0.0,
                -2.9582283945787943e-30,
                0.0
            ],
            [
                0.0,
                -1.887379141862766e-15,
                1.6445178552260143e-15,
                0.0,
                7.968885967768372e-16,
                0.0,
                0.0,
                2.908924588002481e-30
            ],
            [
                0.0,
                1.6445178552260143e-15,
                4.163336342344337e-16,
                0.0,
                -1.897787482718637e-15,
                0.0,
                0.0,
                0.0
            ],
            [
                0.0,
                0.0,
                0.0,
                -2.7755575615628914e-17,
                0.0,
                -2.67147415300429e-16,
                -2.0057740190982374e-16,
                0.0
            ],
            [
                0.0,
                7.968885967768372e-16,
                -1.897787482718637e-15,
                0.0,
                -3.608224830031759e-15,
                0.0,
                0.0,
                0.0
            ],
            [
                0.0,
                0.0,
                0.0,
                -2.67147415300429e-16,
                0.0,
                0.0,
                -5.9164567891575885e-30,
                0.0
            ],
            [
                -2.9582283945787943e-30,
                0.0,
                0.0,
                -2.0057740190982374e-16,
                0.0,
                -5.9164567891575885e-30,
                -2.7755575615628914e-17,
                0.0
            ],
            [
                0.0,
                2.908924588002481e-30,
                0.0,
                0.0,
                0.0,
                0.0,
                0.0,
                -2.7755575615628914e-17
            ]
        ]
    },
    {
        "d": 4,
        "eps_d": 0.30000000000000004,
        "matrix": [
            [
                1.0000000000000162,
                0.0,
                0.0,
                0.0,
                0.0,
                9.860761315262648e-32,
                1.1044052673094165e-29,
                0.0
            ],
            [
                0.0,
                -3.4139358007223564e-15,
                -4.440892098500596e-15,
                0.0,
                -3.0106125925577763e-15,
                0.0,
                0.0,
                1.064962222048366e-29
            ],
            [
                0.0,
                -4.440892098500596e-15,
                -7.882583474838611e-15,
                0.0,
                -6.553785292240409e-15,
                0.0,
                0.0,
                0.0
            ],
            [
                0.0,
                0.0,
                0.0,
                0.0,
                0.0,
                5.516420653606404e-16,
                -5.91540705308125e-16,
                0.0
            ],
            [
                0.0,
                -3.0106125925577763e-15,
                -6.553785292240409e-15,
                0.0,
                -4.9682480351975755e-15,
                0.0,
                0.0,
                -1.5777218104420236e-29
            ],
            [
                9.860761315262648e-32,
                0.0,
                0.0,
                5.516420653606404e-16,
                0.0,
                2.7755575615628914e-17,
                0.0,
                0.0
            ],
            [
                1.1044052673094165e-29,
                0.0,
                0.0,
                -5.91540705308125e-16,
                0.0,
                0.0,
                -2.7755575615628914e-17,
                0.0
            ],
            [
                0.0,
                1.064962222048366e-29,
                0.0,
                0.0,
                -1.5777218104420236e-29,
                0.0,
                0.0,
                0.0
            ]
        ]
    },
    {
        "d": 4,
        "eps_d": 0.4,
        "matrix": [
            [
                1.0000000000000004,
                0.0,
                0.0,
                -2.7610131682735413e-30,
                0.0,
                -2.2803010541544873e-31,
                -6.360191048344408e-30,
                0.0
            ],
            [
                0.0,
                -2.858824288409778e-15,
                -1.5404344466673956e-15,
                0.0,
                9.68843061333028e-16,
                0.0,
                0.0,
                -3.303355040612987e-30
            ],
            [
                0.0,
                -1.5404344466673956e-15,
                -1.2212453270876722e-15,
                0.0,
                1.7728873924482965e-15,
                0.0,
                0.0,
                2.2803010541544873e-31
            ],
            [
                -2.7610131682735413e-30,
                0.0,
                0.0,
                0.0,
                0.0,
                8.985867605559815e-16,
                1.1162945567910724e-15,
                0.0
            ],
            [
                0.0,
                9.68843061333028e-16,
                1.7728873924482965e-15,
                0.0,
                3.497202527569243e-15,
                0.0,
                0.0,
                -2.711709361697228e-30
            ],
            [
                -2.2803010541544873e-31,
                0.0,
                0.0,
                8.985867605559815e-16,
                0.0,
                2.7755575615628914e-17,
                -8.184431891667997e-30,
                0.0
            ],
            [
                -6.360191048344408e-30,
                0.0,
                0.0,
                1.1162945567910724e-15,
                0.0,
                -8.184431891667997e-30,
                0.0,
                0.0
            ],
            [
                0.0,
                -3.303355040612987e-30,
                2.2803010541544873e-31,
                0.0,
                -2.711709361697228e-30,
                0.0,
                0.0,
                0.0
            ]
        ]
    },
    {
        "d": 4,
        "eps_d": 0.5,
        "matrix": [
            [
                0.9999999999999951,
                0.0,
                0.0,
                -8.480254731125877e-30,
                0.0,
                2.3172789090867222e-30,
                -1.9721522630525295e-31,
                0.0
            ],
            [
                0.0,
                -5.440092820663267e-15,
                4.773959005888123e-15,
                0.0,
                3.6559297256208384e-16,
                0.0,
                0.0,
                0.0
            ],
            [
                0.0,
                4.773959005888123e-15,
                9.076073226310655e-15,
                0.0,
                3.32026073301962e-15,
                0.0,
                0.0,
                2.3665827156630354e-30
            ],
            [
                -8.480254731125877e-30,
                0.0,
                0.0,
                0.0,
                0.0,
                -1.7034984534092315e-15,
                9.30245463992558e-16,
                0.0
            ],
            [
                0.0,
                3.6559297256208384e-16,
                3.32026073301962e-15,
                0.0,
                1.0547118733938987e-15,
                0.0,
                0.0,
                8.480254731125877e-30
            ],
            [
                2.3172789090867222e-30,
                0.0,
                0.0,
                -1.7034984534092315e-15,
                0.0,
                0.0,
                -8.480254731125877e-30,
                0.0
            ],
            [
                -1.9721522630525295e-31,
                0.0,
                0.0,
                9.30245463992558e-16,
                0.0,
                -8.480254731125877e-30,
                0.0,
                0.0
            ],
            [
                0.0,
                0.0,
                2.3665827156630354e-30,
                0.0,
                8.480254731125877e-30,
                0.0,
                0.0,
                0.0
            ]
        ]
    },
    {
        "d": 4,
        "eps_d": 0.6000000000000001,
        "matrix": [
            [
                0.999999999999984,
                0.0,
                0.0,
                7.494178599599612e-30,
                0.0,
                3.944304526105059e-31,
                0.0,
                0.0
            ],
            [
                0.0,
                1.0422218643668657e-14,
                4.246603069191203e-15,
                0.0,
                4.015017485148395e-15,
                0.0,
                0.0,
                0.0
            ],
            [
                0.0,
                4.246603069191203e-15,
                1.6653345369377348e-15,
                0.0,
                3.68455266297473e-15,
                0.0,
                0.0,
                -1.4199496293978212e-29
            ],
            [
                7.494178599599612e-30,
                0.0,
                0.0,
                0.0,
                0.0,
                1.1171619185290717e-15,
                -1.1362438767646114e-16,
                0.0
            ],
            [
                0.0,
                4.015017485148395e-15,
                3.68455266297473e-15,
                0.0,
                3.969047313034935e-15,
                0.0,
                0.0,
                -7.494178599599612e-30
            ],
            [
                3.944304526105059e-31,
                0.0,
                0.0,
                1.1171619185290717e-15,
                0.0,
                0.0,
                7.494178599599612e-30,
                0.0
            ],
            [
                0.0,
                0.0,
                0.0,
                -1.1362438767646114e-16,
                0.0,
                7.494178599599612e-30,
                0.0,
                0.0
            ],
            [
                0.0,
                0.0,
                -1.4199496293978212e-29,
                0.0,
                -7.494178599599612e-30,
                0.0,
                0.0,
                0.0
            ]
        ]
    },
    {
        "d": 4,
        "eps_d": 0.7000000000000001,
        "matrix": [
            [
                1.000000000000018,
                0.0,
                0.0,
                1.262177448353619e-29,
                0.0,
                -5.5220263365470826e-30,
                0.0,
                0.0
            ],
            [
                0.0,
                -6.800116025829084e-15,
                -7.29971638691035e-15,
                0.0,
                -3.474651122381561e-15,
                0.0,
                0.0,
                0.0
            ],
            [
                0.0,
                -7.29971638691035e-15,
                -1.0769163338864018e-14,
                0.0,
                -6.2970462177958855e-15,
                0.0,
                0.0,
                -5.5220263365470826e-30
            ],
            [
                1.262177448353619e-29,
                0.0,
                0.0,
                0.0,
                0.0,
                2.1406487693553997e-15,
                4.215378046623098e-16,
                0.0
            ],
            [
                0.0,
                -3.474651122381561e-15,
                -6.2970462177958855e-15,
                0.0,
                -3.608224830031759e-16,
                0.0,
                0.0,
                -3.944304526105059e-31
            ],
            [
                -5.5220263365470826e-30,
                0.0,
                0.0,
                2.1406487693553997e-15,
                0.0,
                -2.7755575615628914e-17,
                -2.603240987229339e-29,
                0.0
            ],
            [
                0.0,
                0.0,
                0.0,
                4.215378046623098e-16,
                0.0,
                -2.603240987229339e-29,
                2.7755575615628914e-17,
                0.0
            ],
            [
                0.0,
                0.0,
                -5.5220263365470826e-30,
                0.0,
                -3.944304526105059e-31,
                0.0,
                0.0,
                0.0
            ]
        ]
    },
    {
        "d": 4,
        "eps_d": 0.8,
        "matrix": [
            [
                1.000000000000014,
                0.0,
                0.0,
                0.0,
                0.0,
                -6.902532920683853e-30,
                -6.7053176943786e-30,
                0.0
            ],
            [
                0.0,
                -1.2490009027033011e-15,
                -5.953570969552378e-15,
                0.0,
                -6.137451658006104e-15,
                0.0,
                0.0,
                -7.099748146989106e-30
            ],
            [
                0.0,
                -5.953570969552378e-15,
                -9.43689570931383e-15,
                0.0,
                -8.278100427361352e-15,
                0.0,
                0.0,
                -6.7053176943786e-30
            ],
            [
                0.0,
                0.0,
                0.0,
                0.0,
                0.0,
                6.245004513516253e-16,
                -1.0963452368173908e-15,
                0.0
            ],
            [
                0.0,
                -6.137451658006104e-15,
                -8.278100427361352e-15,
                0.0,
                -3.469446951953614e-15,
                0.0,
                0.0,
                -1.9721522630525295e-31
            ],
            [
                -6.902532920683853e-30,
                0.0,
                0.0,
                6.245004513516253e-16,
                0.0,
                -2.7755575615628914e-17,
                -4.220405842932413e-29,
                0.0
            ],
            [
                -6.7053176943786e-30,
                0.0,
                0.0,
                -1.0963452368173908e-15,
                0.0,
                -4.220405842932413e-29,
                -2.7755575615628914e-17,
                0.0
            ],
            [
                0.0,
                -7.099748146989106e-30,
                -6.7053176943786e-30,
                0.0,
                -1.9721522630525295e-31,
                0.0,
                0.0,
                0.0
            ]
        ]
    },
    {
        "d": 4,
        "eps_d": 0.9,
        "matrix": [
            [
                1.000000000000017,
                0.0,
                0.0,
                0.0,
                0.0,
                0.0,
                0.0,
                0.0
            ],
            [
                0.0,
                -1.5737411374061594e-14,
                -1.7832957333042303e-15,
                0.0,
                -3.2343919209586582e-15,
                0.0,
                0.0,
                0.0
            ],
            [
                0.0,
                -1.7832957333042303e-15,
                1.887379141862766e-15,
                0.0,
                -2.095545958979994e-15,
                0.0,
                0.0,
                0.0
            ],
            [
                0.0,
                0.0,
                0.0,
                0.0,
                0.0,
                -1.394717674685353e-15,
                1.794571435897998e-15,
                0.0
            ],
            [
                0.0,
                -3.2343919209586582e-15,
                -2.095545958979994e-15,
                0.0,
                -3.3861802251067274e-15,
                0.0,
                0.0,
                0.0
            ],
            [
                0.0,
                0.0,
                0.0,
                -1.394717674685353e-15,
                0.0,
                2.7755575615628914e-17,
                6.310887241768095e-30,
                0.0
            ],
            [
                0.0,
                0.0,
                0.0,
                1.794571435897998e-15,
                0.0,
                6.310887241768095e-30,
                0.0,
                0.0
            ],
            [
                0.0,
                0.0,
                0.0,
                0.0,
                0.0,
                0.0,
                0.0,
                0.0
            ]
        ]
    },
    {
        "d": 4,
        "eps_d": 1.0,
        "matrix": [
            [
                0.9999999999999918,
                0.0,
                0.0,
                -1.34106353887572e-29,
                0.0,
                -1.8143800820083272e-29,
                3.2047474274603605e-30,
                0.0
            ],
            [
                0.0,
                7.702172233337023e-15,
                3.851086116668458e-15,
                0.0,
                3.9074646296377414e-15,
                0.0,
                0.0,
                -1.7256332301709633e-30
            ],
            [
                0.0,
                3.851086116668458e-15,
                7.216449660063518e-16,
                0.0,
                -8.812395257961904e-16,
                0.0,
                0.0,
                2.4454688061851366e-29
            ],
            [
                -1.34106353887572e-29,
                0.0,
                0.0,
                0.0,
                0.0,
                4.85722573273482e-16,
                -2.094678597241963e-15,
                0.0
            ],
            [
                0.0,
                3.9074646296377414e-15,
                -8.812395257961904e-16,
                0.0,
                -2.498001805406602e-16,
                0.0,
                0.0,
                0.0
            ],
            [
                -1.8143800820083272e-29,
                0.0,
                0.0,
                4.85722573273482e-16,
                0.0,
                2.7755575615628914e-17,
                0.0,
                0.0
            ],
            [
                3.2047474274603605e-30,
                0.0,
                0.0,
                -2.094678597241963e-15,
                0.0,
                0.0,
                0.0,
                0.0
            ],
            [
                0.0,
                -1.7256332301709633e-30,
                2.4454688061851366e-29,
                0.0,
                0.0,
                0.0,
                0.0,
                0.0
            ]
        ]
    },
    {
        "d": 4,
        "eps_d": 1.1,
        "matrix": [
            [
                1.0000000000000613,
                0.0,
                0.0,
                -2.9187853493177437e-29,
                0.0,
                1.735493991486226e-29,
                2.3665827156630354e-29,
                0.0
            ],
            [
                0.0,
                -3.7192471324942744e-14,
                -1.665334536937727e-14,
                0.0,
                -1.4471063236598127e-14,
                0.0,
                0.0,
                -3.1554436208840472e-30
            ],
            [
                0.0,
                -1.665334536937727e-14,
                -1.7735812818386876e-14,
                0.0,
                -1.3287981825982617e-14,
                0.0,
                0.0,
                1.735493991486226e-29
            ],
            [
                -2.9187853493177437e-29,
                0.0,
                0.0,
                0.0,
                0.0,
                2.196159920586911e-15,
                5.0445758681403925e-15,
                0.0
            ],
            [
                0.0,
                -1.4471063236598127e-14,
                -1.3287981825982617e-14,
                0.0,
                -6.189493362285248e-15,
                0.0,
                0.0,
                -1.5777218104420236e-30
            ],
            [
                1.735493991486226e-29,
                0.0,
                0.0,
                2.196159920586911e-15,
                0.0,
                0.0,
                -5.916456789157589e-29,
                0.0
            ],
            [
                2.3665827156630354e-29,
                0.0,
                0.0,
                5.0445758681403925e-15,
                0.0,
                -5.916456789157589e-29,
                -2.7755575615628914e-17,
                0.0
            ],
            [
                0.0,
                -3.1554436208840472e-30,
                1.735493991486226e-29,
                0.0,
                -1.5777218104420236e-30,
                0.0,
                0.0,
                0.0
            ]
        ]
    },
    {
        "d": 4,
        "eps_d": 1.2000000000000002,
        "matrix": [
            [
                0.9999999999999787,
                0.0,
                0.0,
                -1.1635698352009924e-29,
                0.0,
                0.0,
                7.888609052210118e-31,
                0.0
            ],
            [
                0.0,
                -1.9095836023552692e-14,
                6.512151928816749e-15,
                0.0,
                1.651456749129354e-15,
                0.0,
                0.0,
                0.0
            ],
            [
                0.0,
                6.512151928816749e-15,
                1.587618925213974e-14,
                0.0,
                1.833082297064727e-14,
                0.0,
                0.0,
                0.0
            ],
            [
                -1.1635698352009924e-29,
                0.0,
                0.0,
                0.0,
                0.0,
                2.145852939783091e-15,
                9.117706589734272e-15,
                0.0
            ],
            [
                0.0,
                1.651456749129354e-15,
                1.833082297064727e-14,
                0.0,
                2.4424906541753444e-14,
                0.0,
                0.0,
                1.1635698352009924e-29
            ],
            [
                0.0,
                0.0,
                0.0,
                2.145852939783091e-15,
                0.0,
                0.0,
                -1.1635698352009924e-29,
                0.0
            ],
            [
                7.888609052210118e-31,
                0.0,
                0.0,
                9.117706589734272e-15,
                0.0,
                -1.1635698352009924e-29,
                0.0,
                0.0
            ],
            [
                0.0,
                0.0,
                0.0,
                0.0,
                1.1635698352009924e-29,
                0.0,
                0.0,
                0.0
            ]
        ]
    },
    {
        "d": 4,
        "eps_d": 1.3,
        "matrix": [
            [
                0.9999999999999658,
                0.0,
                0.0,
                0.0,
                0.0,
                -1.7749370367472766e-29,
                1.262177448353619e-29,
                0.0
            ],
            [
                0.0,
                6.217248937900877e-15,
                1.442249097927118e-14,
                0.0,
                1.0204510847433475e-14,
                0.0,
                0.0,
                -1.262177448353619e-29
            ],
            [
                0.0,
                1.442249097927118e-14,
                1.7319479184152442e-14,
                0.0,
                1.3700846013264841e-14,
                0.0,
                0.0,
                -2.3665827156630354e-30
            ],
            [
                0.0,
                0.0,
                0.0,
                0.0,
                0.0,
                -4.683753385137221e-16,
                1.336604438240223e-15,
                0.0
            ],
            [
                0.0,
                1.0204510847433475e-14,
                1.3700846013264841e-14,
                0.0,
                1.074140776324839e-14,
                0.0,
                0.0,
                0.0
            ],
            [
                -1.7749370367472766e-29,
                0.0,
                0.0,
                -4.683753385137221e-16,
                0.0,
                0.0,
                -2.524354896707238e-29,
                0.0
            ],
            [
                1.262177448353619e-29,
                0.0,
                0.0,
                1.336604438240223e-15,
                0.0,
                -2.524354896707238e-29,
                0.0,
                0.0
            ],
            [
                0.0,
                -1.262177448353619e-29,
                -2.3665827156630354e-30,
                0.0,
                0.0,
                0.0,
                0.0,
                0.0
            ]
        ]
    },
    {
        "d": 4,
        "eps_d": 1.4000000000000001,
        "matrix": [
            [
                1.0000000000000686,
                0.0,
                0.0,
                0.0,
                0.0,
                0.0,
                1.5777218104420236e-30,
                0.0
            ],
            [
                0.0,
                0.0,
                -3.402833570476081e-14,
                0.0,
                -2.4917568008932637e-14,
                0.0,
                0.0,
                0.0
            ],
            [
                0.0,
                -3.402833570476081e-14,
                -4.551914400963142e-14,
                0.0,
                -3.6276537329626586e-14,
                0.0,
                0.0,
                0.0
            ],
            [
                0.0,
                0.0,
                0.0,
                0.0,
                0.0,
                5.273559366961952e-16,
                -6.290107323891811e-15,
                0.0
            ],
            [
                0.0,
                -2.4917568008932637e-14,
                -3.6276537329626586e-14,
                0.0,
                -2.3092638912203256e-14,
                0.0,
                0.0,
                1.5777218104420236e-30
            ],
            [
                0.0,
                0.0,
                0.0,
                5.273559366961952e-16,
                0.0,
                0.0,
                -3.6287601640166543e-28,
                0.0
            ],
            [
                1.5777218104420236e-30,
                0.0,
                0.0,
                -6.290107323891811e-15,
                0.0,
                -3.6287601640166543e-28,
                0.0,
                0.0
            ],
            [
                0.0,
                0.0,
                0.0,
                0.0,
                1.5777218104420236e-30,
                0.0,
                0.0,
                0.0
            ]
        ]
    },
    {
        "d": 4,
        "eps_d": 1.5,
        "matrix": [
            [
                1.0000000000001754,
                0.0,
                0.0,
                0.0,
                0.0,
                2.524354896707238e-29,
                0.0,
                0.0
            ],
            [
                0.0,
                -7.902012377769552e-14,
                -7.798275913905995e-14,
                0.0,
                -4.795469576990693e-14,
                0.0,
                0.0,
                0.0
            ],
            [
                0.0,
                -7.798275913905995e-14,
                -9.492406860545088e-14,
                0.0,
                -4.4946685262560056e-14,
                0.0,
                0.0,
                2.208810534618833e-29
            ],
            [
                0.0,
                0.0,
                0.0,
                0.0,
                0.0,
                2.421673972463587e-14,
                2.283589983775658e-14,
                0.0
            ],
            [
                0.0,
                -4.795469576990693e-14,
                -4.4946685262560056e-14,
                0.0,
                -1.3322676295501878e-15,
                0.0,
                0.0,
                -3.1554436208840472e-30
            ],
            [
                2.524354896707238e-29,
                0.0,
                0.0,
                2.421673972463587e-14,
                0.0,
                2.7755575615628914e-17,
                -1.659763344585009e-27,
                0.0
            ],
            [
                0.0,
                0.0,
                0.0,
                2.283589983775658e-14,
                0.0,
                -1.659763344585009e-27,
                0.0,
                0.0
            ],
            [
                0.0,
                0.0,
                2.208810534618833e-29,
                0.0,
                -3.1554436208840472e-30,
                0.0,
                0.0,
                0.0
            ]
        ]
    },
    {
        "d": 4,
        "eps_d": 1.6,
        "matrix": [
            [
                0.9999999999997458,
                0.0,
                0.0,
                0.0,
                0.0,
                9.781875224740546e-29,
                0.0,
                0.0
            ],
            [
                0.0,
                1.529193438543075e-13,
                8.852987787300118e-14,
                0.0,
                5.695877797195965e-14,
                0.0,
                0.0,
                0.0
            ],
            [
                0.0,
                8.852987787300118e-14,
                1.0023926133584382e-13,
                0.0,
                3.3124544773776885e-14,
                0.0,
                0.0,
                -9.781875224740546e-29
            ],
            [
                0.0,
                0.0,
                0.0,
                0.0,
                0.0,
                -3.336740606041356e-14,
                -5.4856293119077466e-14,
                0.0
            ],
            [
                0.0,
                5.695877797195965e-14,
                3.3124544773776885e-14,
                0.0,
                9.853229343548264e-16,
                0.0,
                0.0,
                0.0
            ],
            [
                9.781875224740546e-29,
                0.0,
                0.0,
                -3.336740606041356e-14,
                0.0,
                1.3877787807814457e-17,
                0.0,
                0.0
            ],
            [
                0.0,
                0.0,
                0.0,
                -5.4856293119077466e-14,
                0.0,
                0.0,
                1.3877787807814457e-17,
                0.0
            ],
            [
                0.0,
                0.0,
                -9.781875224740546e-29,
                0.0,
                0.0,
                0.0,
                0.0,
                0.0
            ]
        ]
    },
    {
        "d": 4,
        "eps_d": 1.7000000000000002,
        "matrix": [
            [
                1.0000000000044433,
                0.0,
                0.0,
                2.928251680180396e-27,
                0.0,
                9.087677628146056e-28,
                1.464125840090198e-27,
                0.0
            ],
            [
                0.0,
                -9.993950111919503e-13,
                -1.6408888137143e-12,
                0.0,
                -1.1650151329756319e-12,
                0.0,
                0.0,
                -1.464125840090198e-27
            ],
            [
                0.0,
                -1.6408888137143e-12,
                -2.1084245460656348e-12,
                0.0,
                -1.6687710241435913e-12,
                0.0,
                0.0,
                -9.087677628146056e-28
            ],
            [
                2.928251680180396e-27,
                0.0,
                0.0,
                0.0,
                0.0,
                -1.4434634043625983e-14,
                -1.4375740181589368e-13,
                0.0
            ],
            [
                0.0,
                -1.1650151329756319e-12,
                -1.6687710241435913e-12,
                0.0,
                -1.335542787472832e-12,
                0.0,
                0.0,
                -5.048709793414476e-29
            ],
            [
                9.087677628146056e-28,
                0.0,
                0.0,
                -1.4434634043625983e-14,
                0.0,
                2.7755575615628914e-17,
                2.6253290925755273e-26,
                0.0
            ],
            [
                1.464125840090198e-27,
                0.0,
                0.0,
                -1.4375740181589368e-13,
                0.0,
                2.6253290925755273e-26,
                0.0,
                0.0
            ],
            [
                0.0,
                -1.464125840090198e-27,
                -9.087677628146056e-28,
                0.0,
                -5.048709793414476e-29,
                0.0,
                0.0,
                0.0
            ]
        ]
    },
    {
        "d": 4,
        "eps_d": 1.8,
        "matrix": [
            [
                0.6866094100400986,
                0.0,
                0.0,
                1.3877787807814457e-17,
                0.0,
                -3.469446951953614e-18,
                0.0,
                0.0
            ],
            [
                0.0,
                0.08607191080637416,
                0.11026050628784231,
                0.0,
                0.08607191080668575,
                0.0,
                0.0,
                -1.3877787807814457e-17
            ],
            [
                0.0,
                0.11026050628784231,
                0.1412467683465182,
                0.0,
                0.11026050628805531,
                0.0,
                0.0,
                -6.938893903907228e-18
            ],
            [
                1.3877787807814457e-17,
                0.0,
                0.0,
                1.249000902703301e-16,
                0.0,
                2.349231920106831e-13,
                3.2909786007451203e-13,
                0.0
            ],
            [
                0.0,
                0.08607191080668575,
                0.11026050628805531,
                0.0,
                0.08607191080700485,
                0.0,
                0.0,
                0.0
            ],
            [
                -3.469446951953614e-18,
                0.0,
                0.0,
                2.349231920106831e-13,
                0.0,
                1.8735013540549517e-15,
                2.275957200481571e-15,
                0.0
            ],
            [
                0.0,
                0.0,
                0.0,
                3.2909786007451203e-13,
                0.0,
                2.275957200481571e-15,
                1.9845236565174673e-15,
                0.0
            ],
            [
                0.0,
                -1.3877787807814457e-17,
                -6.938893903907228e-18,
                0.0,
