[
    {
        "d": 5,
        "eps_d": 0.0,
        "matrix": [
            [
                1.0000000000000033,
                0.0,
                0.0,
                2.3665827156630354e-30,
                0.0,
                3.797933850331629e-31,
                1.2572470676959876e-30,
                0.0
            ],
            [
                0.0,
                -7.327471962526033e-15,
                6.661338147751142e-16,
                0.0,
                1.2056328158037988e-16,
                0.0,
                0.0,
                -1.2572470676959876e-30
            ],
            [
                0.0,
                6.661338147751142e-16,
                -8.881784197001252e-16,
                0.0,
                -4.822531263215397e-16,
                0.0,
                0.0,
                3.8441561689969228e-31
            ],
            [
                2.3665827156630354e-30,
                0.0,
                0.0,
                0.0,
                0.0,
                -1.2108369862318147e-15,
                9.454242944071544e-17,
                0.0
            ],
            [
                0.0,
                1.2056328158037988e-16,
                -4.822531263215397e-16,
                0.0,
                4.9960036108132044e-15,
                0.0,
                0.0,
                0.0
            ],
            [
                3.797933850331629e-31,
                0.0,
                0.0,
                -1.2108369862318147e-15,
                0.0,
                0.0,
                2.3665827156630354e-30,
                0.0
            ],
            [
                1.2572470676959876e-30,
                0.0,
                0.0,
                9.454242944071544e-17,
                0.0,
                2.3665827156630354e-30,
                0.0,
                0.0
            ],
            [
                0.0,
                -1.2572470676959876e-30,
                3.8441561689969228e-31,
                0.0,
                0.0,
                0.0,
                0.0,
                0.0
            ]
        ]
    },
    {
        "d": 5,
        "eps_d": 0.1,
        "matrix": [
            [
                0.9999999999999903,
                0.0,
                0.0,
                1.0255191767873153e-29,
                0.0,
                -3.8456969129524326e-30,
                3.4512664603419266e-30,
                0.0
            ],
            [
                0.0,
                7.840950111415168e-15,
                -2.8761715231695552e-15,
                0.0,
                1.6193643648243364e-15,
                0.0,
                0.0,
                -3.4512664603419266e-30
            ],
            [
                0.0,
                -2.8761715231695552e-15,
                3.5110803153770576e-15,
                0.0,
                -3.677613769070761e-16,
                0.0,
                0.0,
                3.8456969129524326e-30
            ],
            [
                1.0255191767873153e-29,
                0.0,
                0.0,
                0.0,
                0.0,
                6.002143226879738e-16,
                -5.368969158148362e-16,
                0.0
            ],
            [
                0.0,
                1.6193643648243364e-15,
                -3.677613769070761e-16,
                0.0,
                -1.7486012637846216e-15,
                0.0,
                0.0,
                0.0
            ],
            [
                -3.8456969129524326e-30,
                0.0,
                0.0,
                6.002143226879738e-16,
                0.0,
                -2.7755575615628914e-17,
                0.0,
                0.0
            ],
            [
                3.4512664603419266e-30,
                0.0,
                0.0,
                -5.368969158148362e-16,
                0.0,
                0.0,
                0.0,
                0.0
            ],
            [
                0.0,
                -3.4512664603419266e-30,
                3.8456969129524326e-30,
                0.0,
                0.0,
                0.0,
                0.0,
                0.0
            ]
        ]
    },
    {
        "d": 5,
        "eps_d": 0.2,
        "matrix": [
            [
                1.000000000000006,
                0.0,
                0.0,
                -8.085824278515371e-30,
                0.0,
                -1.3805065841367707e-30,
                -2.1693674893577825e-30,
                0.0
            ],
            [
                0.0,
                -2.4702462297909733e-15,
                1.5126788710517762e-15,
                0.0,
                4.597017211338837e-16,
                0.0,
                0.0,
                -2.2186712959340957e-30
            ],
            [
                0.0,
                1.5126788710517762e-15,
                -1.887379141862766e-15,
                0.0,
                1.255939796607212e-15,
                0.0,
                0.0,
                1.3681806324926924e-30
            ],
            [
                -8.085824278515371e-30,
                0.0,
                0.0,
                0.0,
                0.0,
                -6.938893903910433e-18,
                7.45931094670027e-17,
                0.0
            ],
            [
                0.0,
                4.597017211338837e-16,
                1.255939796607212e-15,
                0.0,
                -1.609823385706477e-15,
                0.0,
                0.0,
                -2.711709361697228e-30
            ],
            [
                -1.3805065841367707e-30,
                0.0,
                0.0,
                -6.938893903910433e-18,
                0.0,
                -2.7755575615628914e-17,
                -2.662405555120915e-30,
                0.0
            ],
            [
                -2.1693674893577825e-30,
                0.0,
                0.0,
                7.45931094670027e-17,
                0.0,
                -2.662405555120915e-30,
                0.0,
                0.0
            ],
            [
                0.0,
                -2.2186712959340957e-30,
                1.3681806324926924e-30,
                0.0,
                -2.711709361697228e-30,
                0.0,
                0.0,
                0.0
            ]
        ]
    },
    {
        "d": 5,
        "eps_d": 0.3,
        "matrix": [
            [
                1.000000000000002,
                0.0,
                0.0,
                2.465190328815662e-30,
                0.0,
                -3.944304526105059e-31,
                5.02898827078395e-30,
                0.0
            ],
            [
                0.0,
                -2.345346139520643e-15,
                1.3947176746853436e-15,
                0.0,
                -1.0252215743023167e-15,
                0.0,
                0.0,
                -3.8456969129524326e-30
            ],
            [
                0.0,
                1.3947176746853436e-15,
                -3.2057689836051395e-15,
                0.0,
                1.0998146837693099e-15,
                0.0,
                0.0,
                3.6484816866471796e-30
            ],
            [
                2.465190328815662e-30,
                0.0,
                0.0,
                0.0,
                0.0,
                -1.4363510381087975e-15,
                1.144917494144605e-16,
                0.0
            ],
            [
                0.0,
                -1.0252215743023167e-15,
                1.0998146837693099e-15,
                0.0,
                3.497202527569243e-15,
                0.0,
                0.0,
                2.465190328815662e-30
            ],
            [
                -3.944304526105059e-31,
                0.0,
                0.0,
                -1.4363510381087975e-15,
                0.0,
                -5.551115123125783e-17,
                7.395570986446986e-30,
                0.0
            ],
            [
                5.02898827078395e-30,
                0.0,
                0.0,
                1.144917494144605e-16,
                0.0,
                7.395570986446986e-30,
                0.0,
                0.0
            ],
            [
                0.0,
                -3.8456969129524326e-30,
                3.6484816866471796e-30,
                0.0,
                2.465190328815662e-30,
                0.0,
                0.0,
                0.0
            ]
        ]
    },
    {
        "d": 5,
        "eps_d": 0.4,
        "matrix": [
            [
                1.0000000000000027,
                0.0,
                0.0,
                -1.627025617018337e-30,
                0.0,
                5.2755073036655164e-30,
                -1.2818989709841442e-30,
                0.0
            ],
            [
                0.0,
                1.2212453270876722e-15,
                9.124645483638017e-16,
                0.0,
                9.701441039400406e-16,
                0.0,
                0.0,
                -1.2818989709841442e-30
            ],
            [
                0.0,
                9.124645483638017e-16,
                -4.884981308350689e-15,
                0.0,
                1.791969350684041e-15,
                0.0,
                0.0,
                -5.32481111024183e-30
            ],
            [
                -1.627025617018337e-30,
                0.0,
                0.0,
                0.0,
                0.0,
                -1.011343786494474e-15,
                -5.303917027799012e-16,
                0.0
            ],
            [
                0.0,
                9.701441039400406e-16,
                1.791969350684041e-15,
                0.0,
                9.159339953157541e-16,
                0.0,
                0.0,
                -1.5777218104420236e-30
            ],
            [
                5.2755073036655164e-30,
                0.0,
                0.0,
                -1.011343786494474e-15,
                0.0,
                0.0,
                1.627025617018337e-30,
                0.0
            ],
            [
                -1.2818989709841442e-30,
                0.0,
                0.0,
                -5.303917027799012e-16,
                0.0,
                1.627025617018337e-30,
                -2.7755575615628914e-17,
                0.0
            ],
            [
                0.0,
                -1.2818989709841442e-30,
                -5.32481111024183e-30,
                0.0,
                -1.5777218104420236e-30,
                0.0,
                0.0,
                0.0
            ]
        ]
    },
    {
        "d": 5,
        "eps_d": 0.5,
        "matrix": [
            [
                1.0000000000000044,
                0.0,
                0.0,
                0.0,
                0.0,
                4.6345578181734444e-30,
                0.0,
                0.0
            ],
            [
                0.0,
                -2.220446049250313e-16,
                9.02056207507939e-16,
                0.0,
                -9.987670412936388e-16,
                0.0,
                0.0,
                0.0
            ],
            [
                0.0,
                9.02056207507939e-16,
                -1.3322676295501878e-15,
                0.0,
                1.9585028043778124e-15,
                0.0,
                0.0,
                4.6345578181734444e-30
            ],
            [
                0.0,
                0.0,
                0.0,
                0.0,
                0.0,
                5.256212132209674e-16,
                -3.0054084221296793e-16,
                0.0
            ],
            [
                0.0,
                -9.987670412936388e-16,
                1.9585028043778124e-15,
                0.0,
                -2.886579864025407e-15,
                0.0,
                0.0,
                0.0
            ],
            [
                4.6345578181734444e-30,
                0.0,
                0.0,
                5.256212132209674e-16,
                0.0,
                0.0,
                0.0,
                0.0
            ],
            [
                0.0,
                0.0,
                0.0,
                -3.0054084221296793e-16,
                0.0,
                0.0,
                0.0,
                0.0
            ],
            [
                0.0,
                0.0,
                4.6345578181734444e-30,
                0.0,
                0.0,
                0.0,
                0.0,
                0.0
            ]
        ]
    },
    {
        "d": 5,
        "eps_d": 0.6,
        "matrix": [
            [
                1.0000000000000195,
                0.0,
                0.0,
                -2.0510383535746307e-29,
                0.0,
                -9.959368928415274e-30,
                -9.269115636346889e-30,
                0.0
            ],
            [
                0.0,
                -1.3600232051658168e-15,
                3.826799988004843e-15,
                0.0,
                -2.8336707980080824e-15,
                0.0,
                0.0,
                9.269115636346889e-30
            ],
            [
                0.0,
                3.826799988004843e-15,
                -6.328271240363392e-15,
                0.0,
                6.331740687315324e-15,
                0.0,
                0.0,
                -2.5637979419682884e-30
            ],
            [
                -2.0510383535746307e-29,
                0.0,
                0.0,
                0.0,
                0.0,
                1.1692036228083587e-15,
                -7.346553920761389e-16,
                0.0
            ],
            [
                0.0,
                -2.8336707980080824e-15,
                6.331740687315324e-15,
                0.0,
                -1.2045919817182948e-14,
                0.0,
                0.0,
                6.7053176943786e-30
            ],
            [
                -9.959368928415274e-30,
                0.0,
                0.0,
                1.1692036228083587e-15,
                0.0,
                -2.7755575615628914e-17,
                -3.392101892450351e-29,
                0.0
            ],
            [
                -9.269115636346889e-30,
                0.0,
                0.0,
                -7.346553920761389e-16,
                0.0,
                -3.392101892450351e-29,
                0.0,
                0.0
            ],
            [
                0.0,
                9.269115636346889e-30,
                -2.5637979419682884e-30,
                0.0,
                6.7053176943786e-30,
                0.0,
                0.0,
                0.0
            ]
        ]
    },
    {
        "d": 5,
        "eps_d": 0.7000000000000001,
        "matrix": [
            [
                1.0000000000000178,
                0.0,
                0.0,
                9.860761315262648e-30,
                0.0,
                -2.1693674893577825e-30,
                9.860761315262648e-32,
                0.0
            ],
            [
                0.0,
                -9.658940314238862e-15,
                5.537237335317908e-15,
                0.0,
                -9.19403442267715e-16,
                0.0,
                0.0,
                9.860761315262648e-32
            ],
            [
                0.0,
                5.537237335317908e-15,
                -8.43769498715119e-15,
                0.0,
                1.1241008124329911e-15,
                0.0,
                0.0,
                2.1200636827814692e-30
            ],
            [
                9.860761315262648e-30,
                0.0,
                0.0,
                0.0,
                0.0,
                -1.4432899320127224e-15,
                2.8275992658417947e-16,
                0.0
            ],
            [
                0.0,
                -9.19403442267715e-16,
                1.1241008124329911e-15,
                0.0,
                4.163336342344337e-16,
                0.0,
                0.0,
                -9.860761315262648e-30
            ],
            [
                -2.1693674893577825e-30,
                0.0,
                0.0,
                -1.4432899320127224e-15,
                0.0,
                0.0,
                9.860761315262648e-30,
                0.0
            ],
            [
                9.860761315262648e-32,
                0.0,
                0.0,
                2.8275992658417947e-16,
                0.0,
                9.860761315262648e-30,
                2.7755575615628914e-17,
                0.0
            ],
            [
                0.0,
                9.860761315262648e-32,
                2.1200636827814692e-30,
                0.0,
                -9.860761315262648e-30,
                0.0,
                0.0,
                0.0
            ]
        ]
    },
    {
        "d": 5,
        "eps_d": 0.8,
        "matrix": [
            [
                1.0000000000000107,
                0.0,
                0.0,
                -2.3172789090867222e-30,
                0.0,
                2.0017345469983175e-29,
                -6.902532920683853e-30,
                0.0
            ],
            [
                0.0,
                -2.7478019859472624e-15,
                1.2871648191747853e-15,
                0.0,
                -3.4763858458575313e-15,
                0.0,
                0.0,
                -6.902532920683853e-30
            ],
            [
                0.0,
                1.2871648191747853e-15,
                -2.581268532253489e-15,
                0.0,
                3.417405247674295e-15,
                0.0,
                0.0,
                2.01159530831358e-29
            ],
            [
                -2.3172789090867222e-30,
                0.0,
                0.0,
                0.0,
                0.0,
                4.683753385137125e-16,
                -3.265616943526575e-16,
                0.0
            ],
            [
                0.0,
                -3.4763858458575313e-15,
                3.417405247674295e-15,
                0.0,
                -5.245803791353865e-15,
                0.0,
                0.0,
                2.3665827156630354e-30
            ],
            [
                2.0017345469983175e-29,
                0.0,
                0.0,
                4.683753385137125e-16,
                0.0,
                2.7755575615628914e-17,
                2.3172789090867222e-30,
                0.0
            ],
            [
                -6.902532920683853e-30,
                0.0,
                0.0,
                -3.265616943526575e-16,
                0.0,
                2.3172789090867222e-30,
                2.7755575615628914e-17,
                0.0
            ],
            [
                0.0,
                -6.902532920683853e-30,
                2.01159530831358e-29,
                0.0,
                2.3665827156630354e-30,
                0.0,
                0.0,
                0.0
            ]
        ]
    },
    {
        "d": 5,
        "eps_d": 0.8999999999999999,
        "matrix": [
            [
                0.9999999999999979,
                0.0,
                0.0,
                0.0,
                0.0,
                -5.226203497089203e-30,
                1.873544649899903e-30,
                0.0
            ],
            [
                0.0,
                5.329070518200751e-15,
                -4.51721993144369e-15,
                0.0,
                1.1700709845462205e-15,
                0.0,
                0.0,
                -1.873544649899903e-30
            ],
            [
                0.0,
                -4.51721993144369e-15,
                6.106226635438361e-15,
                0.0,
                2.1632001745431506e-15,
                0.0,
                0.0,
                5.226203497089203e-30
            ],
            [
                0.0,
                0.0,
                0.0,
                0.0,
                0.0,
                3.2179120479369657e-15,
                -1.7858978185181667e-15,
                0.0
            ],
            [
                0.0,
                1.1700709845462205e-15,
                2.1632001745431506e-15,
                0.0,
                -9.325873406851315e-15,
                0.0,
                0.0,
                1.5777218104420236e-29
            ],
            [
                -5.226203497089203e-30,
                0.0,
                0.0,
                3.2179120479369657e-15,
                0.0,
                0.0,
                4.812051521848172e-29,
                0.0
            ],
            [
                1.873544649899903e-30,
                0.0,
                0.0,
                -1.7858978185181667e-15,
                0.0,
                4.812051521848172e-29,
                0.0,
                0.0
            ],
            [
                0.0,
                -1.873544649899903e-30,
                5.226203497089203e-30,
                0.0,
                1.5777218104420236e-29,
                0.0,
                0.0,
                0.0
            ]
        ]
    },
    {
        "d": 5,
        "eps_d": 1.0,
        "matrix": [
            [
                1.0000000000000173,
                0.0,
                0.0,
                0.0,
                0.0,
                4.733165431326071e-30,
                9.466330862652142e-30,
                0.0
            ],
            [
                0.0,
                4.801714581503802e-15,
                2.3904489498960796e-15,
                0.0,
                -1.3433264917097273e-15,
                0.0,
                0.0,
                9.466330862652142e-30
            ],
            [
                0.0,
                2.3904489498960796e-15,
                -9.18709552877317e-15,
                0.0,
                1.0092621183233029e-14,
                0.0,
                0.0,
                9.071900410041636e-30
            ],
            [
                0.0,
                0.0,
                0.0,
                0.0,
                0.0,
                4.059252933786202e-16,
                -2.5975315648407644e-15,
                0.0
            ],
            [
                0.0,
                -1.3433264917097273e-15,
                1.0092621183233029e-14,
                0.0,
                -1.2878587085651816e-14,
                0.0,
                0.0,
                0.0
            ],
            [
                4.733165431326071e-30,
                0.0,
                0.0,
                4.059252933786202e-16,
                0.0,
                2.7755575615628914e-17,
                1.6960509462251754e-29,
                0.0
            ],
            [
                9.466330862652142e-30,
                0.0,
                0.0,
                -2.5975315648407644e-15,
                0.0,
                1.6960509462251754e-29,
                -2.7755575615628914e-17,
                0.0
            ],
            [
                0.0,
                9.466330862652142e-30,
                9.071900410041636e-30,
                0.0,
                0.0,
                0.0,
                0.0,
                0.0
            ]
        ]
    },
    {
        "d": 5,
        "eps_d": 1.1,
        "matrix": [
            [
                0.9999999999999999,
                0.0,
                0.0,
                -1.064962222048366e-29,
                0.0,
                -1.0945445059941539e-29,
                5.9164567891575885e-30,
                0.0
            ],
            [
                0.0,
                -2.2343238370581275e-15,
                -6.009082120783661e-15,
                0.0,
                2.987356455957791e-15,
                0.0,
                0.0,
                -5.9164567891575885e-30
            ],
            [
                0.0,
                -6.009082120783661e-15,
                6.869504964868156e-15,
                0.0,
                -1.948094463521958e-15,
                0.0,
                0.0,
                1.0945445059941539e-29
            ],
            [
                -1.064962222048366e-29,
                0.0,
                0.0,
                0.0,
                0.0,
                1.3756357164496345e-15,
                -9.654820345984748e-17,
                0.0
            ],
            [
                0.0,
                2.987356455957791e-15,
                -1.948094463521958e-15,
                0.0,
                -4.468647674116255e-15,
                0.0,
                0.0,
                -1.064962222048366e-29
            ],
            [
                -1.0945445059941539e-29,
                0.0,
                0.0,
                1.3756357164496345e-15,
                0.0,
                0.0,
                3.194886666145098e-29,
                0.0
            ],
            [
                5.9164567891575885e-30,
                0.0,
                0.0,
                -9.654820345984748e-17,
                0.0,
                3.194886666145098e-29,
                0.0,
                0.0
            ],
            [
                0.0,
                -5.9164567891575885e-30,
                1.0945445059941539e-29,
                0.0,
                -1.064962222048366e-29,
                0.0,
                0.0,
                0.0
            ]
        ]
    },
    {
        "d": 5,
        "eps_d": 1.2,
        "matrix": [
            [
                1.0000000000000204,
                0.0,
                0.0,
                1.9721522630525295e-30,
                0.0,
                1.1339875512552045e-29,
                -3.3526588471893e-30,
                0.0
            ],
            [
                0.0,
                -1.887379141862766e-15,
                -1.0963452368173845e-15,
                0.0,
                -4.789707042443659e-15,
                0.0,
                0.0,
                -1.6171648557030742e-29
            ],
            [
                0.0,
                -1.0963452368173845e-15,
                -3.58046925441613e-15,
                0.0,
                9.122910760162066e-15,
                0.0,
                0.0,
                1.1241267899399418e-29
            ],
            [
                1.9721522630525295e-30,
                0.0,
                0.0,
                0.0,
                0.0,
                2.020952849512967e-15,
                -1.4966055738448178e-15,
                0.0
            ],
            [
                0.0,
                -4.789707042443659e-15,
                9.122910760162066e-15,
                0.0,
                -1.4932499681208355e-14,
                0.0,
                0.0,
                1.9721522630525295e-30
            ],
            [
                1.1339875512552045e-29,
                0.0,
                0.0,
                2.020952849512967e-15,
                0.0,
                0.0,
                6.03478592494074e-29,
                0.0
            ],
            [
                -3.3526588471893e-30,
                0.0,
                0.0,
                -1.4966055738448178e-15,
                0.0,
                6.03478592494074e-29,
                2.7755575615628914e-17,
                0.0
            ],
            [
                0.0,
                -1.6171648557030742e-29,
                1.1241267899399418e-29,
                0.0,
                1.9721522630525295e-30,
                0.0,
                0.0,
                0.0
            ]
        ]
    },
    {
        "d": 5,
        "eps_d": 1.3,
        "matrix": [
            [
                0.999999999999989,
                0.0,
                0.0,
                -1.0846837446788912e-29,
                0.0,
                -2.3665827156630354e-30,
                8.67746995743113e-30,
                0.0
            ],
            [
                0.0,
                -5.981326545168031e-15,
                -6.036837696399287e-15,
                0.0,
                4.431567959817136e-15,
                0.0,
                0.0,
                9.071900410041636e-30
            ],
            [
                0.0,
                -6.036837696399287e-15,
                8.715250743307479e-15,
                0.0,
                -8.869641132669434e-15,
                0.0,
                0.0,
                -9.466330862652142e-30
            ],
            [
                -1.0846837446788912e-29,
                0.0,
                0.0,
                0.0,
                0.0,
                -1.4172690798729776e-15,
                2.3785227259987414e-15,
                0.0
            ],
            [
                0.0,
                4.431567959817136e-15,
                -8.869641132669434e-15,
                0.0,
                8.43769498715119e-15,
                0.0,
                0.0,
                -1.0846837446788912e-29
            ],
            [
                -2.3665827156630354e-30,
                0.0,
                0.0,
                -1.4172690798729776e-15,
                0.0,
                1.3877787807814457e-17,
                -1.0846837446788912e-29,
                0.0
            ],
            [
                8.67746995743113e-30,
                0.0,
                0.0,
                2.3785227259987414e-15,
                0.0,
                -1.0846837446788912e-29,
                0.0,
                0.0
            ],
            [
                0.0,
                9.071900410041636e-30,
                -9.466330862652142e-30,
                0.0,
                -1.0846837446788912e-29,
                0.0,
                0.0,
                0.0
            ]
        ]
    },
    {
        "d": 5,
        "eps_d": 1.4000000000000001,
        "matrix": [
            [
                0.9999999999999775,
                0.0,
                0.0,
                6.1136720154628415e-30,
                0.0,
                -3.821045009664276e-31,
                1.4544622940012405e-30,
                0.0
            ],
            [
                0.0,
                2.1274648709379562e-14,
                -6.869504964868202e-15,
                0.0,
                -2.6607405514968208e-15,
                0.0,
                0.0,
                -1.4544622940012405e-30
            ],
            [
                0.0,
                -6.869504964868202e-15,
                6.869504964868156e-15,
                0.0,
                3.060052211623112e-15,
                0.0,
                0.0,
                3.821045009664276e-31
            ],
            [
                6.1136720154628415e-30,
                0.0,
                0.0,
                0.0,
                0.0,
                3.837208328860684e-15,
                -2.8322613351838706e-15,
                0.0
            ],
            [
                0.0,
                -2.6607405514968208e-15,
                3.060052211623112e-15,
                0.0,
                -5.731526364627371e-15,
                0.0,
                0.0,
                6.1136720154628415e-30
            ],
            [
                -3.821045009664276e-31,
                0.0,
                0.0,
                3.837208328860684e-15,
                0.0,
                1.3877787807814457e-17,
                3.056836007731421e-29,
                0.0
            ],
            [
                1.4544622940012405e-30,
                0.0,
                0.0,
                -2.8322613351838706e-15,
                0.0,
                3.056836007731421e-29,
                1.3877787807814457e-17,
                0.0
            ],
            [
                0.0,
                -1.4544622940012405e-30,
                3.821045009664276e-31,
                0.0,
                6.1136720154628415e-30,
                0.0,
                0.0,
                0.0
            ]
        ]
    },
    {
        "d": 5,
        "eps_d": 1.5,
        "matrix": [
            [
                0.999999999999989,
                0.0,
                0.0,
                0.0,
                0.0,
                1.9721522630525295e-31,
                3.944304526105059e-31,
                0.0
            ],
            [
                0.0,
                -2.7478019859472624e-15,
                -1.0234868508263588e-15,
                0.0,
                6.998091342524788e-15,
                0.0,
                0.0,
                0.0
            ],
            [
                0.0,
                -1.0234868508263588e-15,
                1.609823385706477e-15,
                0.0,
                -9.82026959750467e-15,
                0.0,
                0.0,
                0.0
            ],
            [
                0.0,
                0.0,
                0.0,
                -2.7755575615628914e-17,
                0.0,
                -3.3219954564955674e-15,
                2.3156389999945838e-15,
                0.0
            ],
            [
                0.0,
                6.998091342524788e-15,
                -9.82026959750467e-15,
                0.0,
                1.2059797604990763e-14,
                0.0,
                0.0,
                4.930380657631324e-32
            ],
            [
                1.9721522630525295e-31,
                0.0,
                0.0,
                -3.3219954564955674e-15,
                0.0,
                2.7755575615628914e-17,
                4.723304670010808e-29,
                0.0
            ],
            [
                3.944304526105059e-31,
                0.0,
                0.0,
                2.3156389999945838e-15,
                0.0,
                4.723304670010808e-29,
                0.0,
                0.0
            ],
            [
                0.0,
                0.0,
                0.0,
                0.0,
                4.930380657631324e-32,
                0.0,
                0.0,
                -2.7755575615628914e-17
            ]
        ]
    },
    {
        "d": 5,
        "eps_d": 1.6,
        "matrix": [
            [
                0.9999999999999793,
                0.0,
                0.0,
                0.0,
                0.0,
                3.944304526105059e-31,
                -1.2523166870383562e-29,
                0.0
            ],
            [
                0.0,
                2.5174307083375425e-14,
                -1.3211653993039481e-14,
                0.0,
                -1.0690233420811164e-16,
                0.0,
                0.0,
                -1.2720382096688815e-29
            ],
            [
                0.0,
                -1.3211653993039481e-14,
                9.159339953157541e-15,
                0.0,
                8.670147932932117e-15,
                0.0,
                0.0,
                1.34106353887572e-29
            ],
            [
                0.0,
                0.0,
                0.0,
                1.3877787807814457e-17,
                0.0,
                5.759281940243033e-15,
                -7.35848014465918e-15,
                0.0
            ],
            [
                0.0,
                -1.0690233420811164e-16,
                8.670147932932117e-15,
                0.0,
                -1.3766765505351941e-14,
                0.0,
                0.0,
                0.0
            ],
            [
                3.944304526105059e-31,
                0.0,
                0.0,
                5.759281940243033e-15,
                0.0,
                2.7755575615628914e-17,
                2.1141472259923116e-28,
                0.0
            ],
            [
                -1.2523166870383562e-29,
                0.0,
                0.0,
                -7.35848014465918e-15,
                0.0,
                2.1141472259923116e-28,
                0.0,
                0.0
            ],
            [
                0.0,
                -1.2720382096688815e-29,
                1.34106353887572e-29,
                0.0,
                0.0,
                0.0,
                0.0,
                -1.3877787807814457e-17
            ]
        ]
    },
    {
        "d": 5,
        "eps_d": 1.7000000000000002,
        "matrix": [
            [
                0.9999999999999654,
                0.0,
                0.0,
                1.6566079009641248e-29,
                0.0,
                -2.3665827156630354e-30,
                1.4988357199199224e-29,
                0.0
            ],
            [
                0.0,
                1.983135877736686e-14,
                -1.8936241463763094e-14,
                0.0,
                9.943434964298465e-15,
                0.0,
                0.0,
                -1.4988357199199224e-29
            ],
            [
                0.0,
                -1.8936241463763094e-14,
                2.410571742217371e-14,
                0.0,
                -8.212180935273968e-15,
                0.0,
                0.0,
                2.2876966251409342e-29
            ],
            [
                1.6566079009641248e-29,
                0.0,
                0.0,
                0.0,
                0.0,
                8.264222639553449e-15,
                -4.273057602200307e-15,
                0.0
            ],
            [
                0.0,
                9.943434964298465e-15,
                -8.212180935273968e-15,
                0.0,
                -9.145462165349727e-15,
                0.0,
                0.0,
                1.735493991486226e-29
            ],
            [
                -2.3665827156630354e-30,
                0.0,
                0.0,
                8.264222639553449e-15,
                0.0,
                -1.3877787807814457e-17,
                2.863565085952273e-28,
                0.0
            ],
            [
                1.4988357199199224e-29,
                0.0,
                0.0,
                -4.273057602200307e-15,
                0.0,
                2.863565085952273e-28,
                -1.3877787807814457e-17,
                0.0
            ],
            [
                0.0,
                -1.4988357199199224e-29,
                2.2876966251409342e-29,
                0.0,
                1.735493991486226e-29,
                0.0,
                0.0,
                0.0
            ]
        ]
    },
    {
        "d": 5,
        "eps_d": 1.7999999999999998,
        "matrix": [
            [
                1.0000000000000495,
                0.0,
                0.0,
                -7.494178599599612e-30,
                0.0,
                -3.944304526105059e-31,
                1.6566079009641248e-29,
                0.0
            ],
            [
                0.0,
                1.7569279364693102e-14,
                4.204969705767927e-15,
                0.0,
                -1.925499690247563e-14,
                0.0,
                0.0,
                -1.735493991486226e-29
            ],
            [
                0.0,
                4.204969705767927e-15,
                -1.8540724511240114e-14,
                0.0,
                3.332056852656212e-14,
                0.0,
                0.0,
                3.944304526105059e-31
            ],
            [
                -7.494178599599612e-30,
                0.0,
                0.0,
                0.0,
