[
    {
        "d": 7,
        "eps_d": 0.0,
        "matrix": [
            [
                0.9999999999999968,
                0.0,
                0.0,
                5.02898827078395e-30,
                0.0,
                0.0,
                -1.553069907153867e-30,
                0.0
            ],
            [
                0.0,
                -3.219646771412954e-15,
                7.060324547225867e-16,
                0.0,
                -9.194034422681605e-17,
                0.0,
                0.0,
                -4.314083075427408e-30
            ],
            [
                0.0,
                7.060324547225867e-16,
                -8.881784197001252e-16,
                0.0,
                -4.3281350725621445e-16,
                0.0,
                0.0,
                0.0
            ],
            [
                5.02898827078395e-30,
                0.0,
                0.0,
                0.0,
                0.0,
                -1.1960918366860136e-15,
                9.194034422676258e-17,
                0.0
            ],
            [
                0.0,
                -9.194034422681605e-17,
                -4.3281350725621445e-16,
                0.0,
                7.299716386910404e-15,
                0.0,
                0.0,
                0.0
            ],
            [
                0.0,
                0.0,
                0.0,
                -1.1960918366860136e-15,
                0.0,
                0.0,
                5.02898827078395e-30,
                0.0
            ],
            [
                -1.553069907153867e-30,
                0.0,
                0.0,
                9.194034422676258e-17,
                0.0,
                5.02898827078395e-30,
                0.0,
                0.0
            ],
            [
                0.0,
                -4.314083075427408e-30,
                0.0,
                0.0,
                0.0,
                0.0,
                0.0,
                0.0
            ]
        ]
    },
    {
        "d": 7,
        "eps_d": 0.09999999999999999,
        "matrix": [
            [
                1.0000000000000047,
                0.0,
                0.0,
                0.0,
                0.0,
                -8.397054557528348e-32,
                1.1339875512552045e-30,
                0.0
            ],
            [
                0.0,
                -3.219646771412954e-15,
                1.930747228762187e-15,
                0.0,
                4.015884846886516e-16,
                0.0,
                0.0,
                -1.7009813268828067e-30
            ],
            [
                0.0,
                1.930747228762187e-15,
                -2.220446049250313e-15,
                0.0,
                3.1832175784172517e-16,
                0.0,
                0.0,
                8.397054557528348e-32
            ],
            [
                0.0,
                0.0,
                0.0,
                0.0,
                0.0,
                -4.865899350114985e-16,
                4.2760933682830844e-16,
                0.0
            ],
            [
                0.0,
                4.015884846886516e-16,
                3.1832175784172517e-16,
                0.0,
                6.38378239159465e-16,
                0.0,
                0.0,
                0.0
            ],
            [
                -8.397054557528348e-32,
                0.0,
                0.0,
                -4.865899350114985e-16,
                0.0,
                0.0,
                0.0,
                0.0
            ],
            [
                1.1339875512552045e-30,
                0.0,
                0.0,
                4.2760933682830844e-16,
                0.0,
                0.0,
                2.7755575615628914e-17,
                0.0
            ],
            [
                0.0,
                -1.7009813268828067e-30,
                8.397054557528348e-32,
                0.0,
                0.0,
                0.0,
                0.0,
                0.0
            ]
        ]
    },
    {
        "d": 7,
        "eps_d": 0.19999999999999998,
        "matrix": [
            [
                1.0000000000000049,
                0.0,
                0.0,
                0.0,
                0.0,
                -2.465190328815662e-30,
                -2.514494135391975e-30,
                0.0
            ],
            [
                0.0,
                -1.2212453270876722e-15,
                2.850150671029914e-15,
                0.0,
                -6.045511313779184e-16,
                0.0,
                0.0,
                2.465190328815662e-30
            ],
            [
                0.0,
                2.850150671029914e-15,
                -4.718447854656915e-16,
                0.0,
                -4.3628295420814287e-16,
                0.0,
                0.0,
                2.465190328815662e-30
            ],
            [
                0.0,
                0.0,
                0.0,
                0.0,
                0.0,
                9.896597430447684e-16,
                9.107298248880259e-17,
                0.0
            ],
            [
                0.0,
                -6.045511313779184e-16,
                -4.3628295420814287e-16,
                0.0,
                -3.1363800445660672e-15,
                0.0,
                0.0,
                0.0
            ],
            [
                -2.465190328815662e-30,
                0.0,
                0.0,
                9.896597430447684e-16,
                0.0,
                0.0,
                -1.0255191767873153e-29,
                0.0
            ],
            [
                -2.514494135391975e-30,
                0.0,
                0.0,
                9.107298248880259e-17,
                0.0,
                -1.0255191767873153e-29,
                2.7755575615628914e-17,
                0.0
            ],
            [
                0.0,
                2.465190328815662e-30,
                2.465190328815662e-30,
                0.0,
                0.0,
                0.0,
                0.0,
                0.0
            ]
        ]
    },
    {
        "d": 7,
        "eps_d": 0.3,
        "matrix": [
            [
                0.9999999999999934,
                0.0,
                0.0,
                0.0,
                0.0,
                2.1108192190484105e-30,
                0.0,
                0.0
            ],
            [
                0.0,
                2.42861286636753e-15,
                -1.797173521111969e-15,
                0.0,
                -5.637851296924506e-16,
                0.0,
                0.0,
                0.0
            ],
            [
                0.0,
                -1.797173521111969e-15,
                1.2212453270876722e-15,
                0.0,
                8.760353553683051e-16,
                0.0,
                0.0,
                1.6362700807513956e-30
            ],
            [
                0.0,
                0.0,
                0.0,
                0.0,
                0.0,
                -2.0296264668928342e-16,
                -4.909267437014318e-16,
                0.0
            ],
            [
                0.0,
                -5.637851296924506e-16,
                8.760353553683051e-16,
                0.0,
                2.8449465006019636e-15,
                0.0,
                0.0,
                0.0
            ],
            [
                2.1108192190484105e-30,
                0.0,
                0.0,
                -2.0296264668928342e-16,
                0.0,
                0.0,
                0.0,
                0.0
            ],
            [
                0.0,
                0.0,
                0.0,
                -4.909267437014318e-16,
                0.0,
                0.0,
                0.0,
                0.0
            ],
            [
                0.0,
                0.0,
                1.6362700807513956e-30,
                0.0,
                0.0,
                0.0,
                0.0,
                0.0
            ]
        ]
    },
    {
        "d": 7,
        "eps_d": 0.39999999999999997,
        "matrix": [
            [
                0.9999999999999927,
                0.0,
                0.0,
                0.0,
                0.0,
                -2.3665827156630354e-30,
                -2.9582283945787943e-31,
                0.0
            ],
            [
                0.0,
                1.7763568394002505e-15,
                -4.071395998117539e-15,
                0.0,
                6.6786853825103e-16,
                0.0,
                0.0,
                -2.9582283945787943e-31
            ],
            [
                0.0,
                -4.071395998117539e-15,
                5.773159728050814e-15,
                0.0,
                -4.692427002517333e-16,
                0.0,
                0.0,
                3.2047474274603605e-30
            ],
            [
                0.0,
                0.0,
                0.0,
                0.0,
                0.0,
                6.25367813089654e-16,
                -9.194034422676665e-16,
                0.0
            ],
            [
                0.0,
                6.6786853825103e-16,
                -4.692427002517333e-16,
                0.0,
                -2.220446049250313e-16,
                0.0,
                0.0,
                0.0
            ],
            [
                -2.3665827156630354e-30,
                0.0,
                0.0,
                6.25367813089654e-16,
                0.0,
                0.0,
                0.0,
                0.0
            ],
            [
                -2.9582283945787943e-31,
                0.0,
                0.0,
                -9.194034422676665e-16,
                0.0,
                0.0,
                0.0,
                0.0
            ],
            [
                0.0,
                -2.9582283945787943e-31,
                3.2047474274603605e-30,
                0.0,
                0.0,
                0.0,
                0.0,
                0.0
            ]
        ]
    },
    {
        "d": 7,
        "eps_d": 0.5,
        "matrix": [
            [
                0.9999999999999897,
                0.0,
                0.0,
                -2.267975102510409e-30,
                0.0,
                1.8488927466117464e-32,
                5.423418723394456e-30,
                0.0
            ],
            [
                0.0,
                2.886579864025407e-15,
                -1.2958384365546767e-15,
                0.0,
                4.805184028456489e-16,
                0.0,
                0.0,
                -5.32481111024183e-30
            ],
            [
                0.0,
                -1.2958384365546767e-15,
                1.4432899320127035e-15,
                0.0,
                -3.310719753901693e-15,
                0.0,
                0.0,
                6.162975822039155e-33
            ],
            [
                -2.267975102510409e-30,
                0.0,
                0.0,
                0.0,
                0.0,
                -2.818925648462547e-16,
                3.5735303605121275e-16,
                0.0
            ],
            [
                0.0,
                4.805184028456489e-16,
                -3.310719753901693e-15,
                0.0,
                5.9396931817445875e-15,
                0.0,
                0.0,
                2.3172789090867222e-30
            ],
            [
                1.8488927466117464e-32,
                0.0,
                0.0,
                -2.818925648462547e-16,
                0.0,
                0.0,
                -6.902532920683853e-30,
                0.0
            ],
            [
                5.423418723394456e-30,
                0.0,
                0.0,
                3.5735303605121275e-16,
                0.0,
                -6.902532920683853e-30,
                0.0,
                0.0
            ],
            [
                0.0,
                -5.32481111024183e-30,
                6.162975822039155e-33,
                0.0,
                2.3172789090867222e-30,
                0.0,
                0.0,
                0.0
            ]
        ]
    },
    {
        "d": 7,
        "eps_d": 0.6,
        "matrix": [
            [
                0.9999999999999902,
                0.0,
                0.0,
                -6.7053176943786e-30,
                0.0,
                -1.7749370367472766e-30,
                7.00114053383648e-30,
                0.0
            ],
            [
                0.0,
                6.217248937900877e-15,
                -1.8839096949107506e-15,
                0.0,
                8.847089727481811e-16,
                0.0,
                0.0,
                1.1537090738857298e-29
            ],
            [
                0.0,
                -1.8839096949107506e-15,
                -6.661338147750939e-16,
                0.0,
                -1.929879867024198e-15,
                0.0,
                0.0,
                -1.7749370367472766e-30
            ],
            [
                -6.7053176943786e-30,
                0.0,
                0.0,
                0.0,
                0.0,
                -6.670011765130886e-16,
                1.214306433184119e-16,
                0.0
            ],
            [
                0.0,
                8.847089727481811e-16,
                -1.929879867024198e-15,
                0.0,
                4.218847493575595e-15,
                0.0,
                0.0,
                0.0
            ],
            [
                -1.7749370367472766e-30,
                0.0,
                0.0,
                -6.670011765130886e-16,
                0.0,
                0.0,
                -6.7053176943786e-30,
                0.0
            ],
            [
                7.00114053383648e-30,
                0.0,
                0.0,
                1.214306433184119e-16,
                0.0,
                -6.7053176943786e-30,
                0.0,
                0.0
            ],
            [
                0.0,
                1.1537090738857298e-29,
                -1.7749370367472766e-30,
                0.0,
                0.0,
                0.0,
                0.0,
                0.0
            ]
        ]
    },
    {
        "d": 7,
        "eps_d": 0.7,
        "matrix": [
            [
                0.9999999999999978,
                0.0,
                0.0,
                4.6345578181734444e-30,
                0.0,
                -9.564938475804768e-30,
                1.538278765180973e-29,
                0.0
            ],
            [
                0.0,
                4.371503159461554e-15,
                -2.622901895676897e-15,
                0.0,
                -1.45976980503464e-15,
                0.0,
                0.0,
                -1.3805065841367707e-30
            ],
            [
                0.0,
                -2.622901895676897e-15,
                -3.469446951953614e-16,
                0.0,
                4.42007541678896e-15,
                0.0,
                0.0,
                -7.987216665362745e-30
            ],
            [
                4.6345578181734444e-30,
                0.0,
                0.0,
                0.0,
                0.0,
                -3.747002708110059e-16,
                -1.0226194890883497e-15,
                0.0
            ],
            [
                0.0,
                -1.45976980503464e-15,
                4.42007541678896e-15,
                0.0,
                -1.8457457784393227e-15,
                0.0,
                0.0,
                -4.733165431326071e-30
            ],
            [
                -9.564938475804768e-30,
                0.0,
                0.0,
                -3.747002708110059e-16,
                0.0,
                1.3877787807814457e-17,
                2.3370004317172475e-29,
                0.0
            ],
            [
                1.538278765180973e-29,
                0.0,
                0.0,
                -1.0226194890883497e-15,
                0.0,
                2.3370004317172475e-29,
                1.3877787807814457e-17,
                0.0
            ],
            [
                0.0,
                -1.3805065841367707e-30,
                -7.987216665362745e-30,
                0.0,
                -4.733165431326071e-30,
                0.0,
                0.0,
                0.0
            ]
        ]
    },
    {
        "d": 7,
        "eps_d": 0.7999999999999999,
        "matrix": [
            [
                0.9999999999999877,
                0.0,
                0.0,
                -2.9582283945787943e-30,
                0.0,
                9.367723249499515e-31,
                -2.514494135391975e-30,
                0.0
            ],
            [
                0.0,
                5.564992910933597e-15,
                -1.6618650899857899e-15,
                0.0,
                -9.679756995950096e-16,
                0.0,
                0.0,
                -5.17689969051289e-31
            ],
            [
                0.0,
                -1.6618650899857899e-15,
                4.399258735077183e-15,
                0.0,
                1.361757928641627e-16,
                0.0,
                0.0,
                4.930380657631324e-30
            ],
            [
                -2.9582283945787943e-30,
                0.0,
                0.0,
                0.0,
                0.0,
                7.068998164605409e-16,
                1.3357370765019566e-16,
                0.0
            ],
            [
                0.0,
                -9.679756995950096e-16,
                1.361757928641627e-16,
                0.0,
                2.275957200481571e-15,
                0.0,
                0.0,
                -2.9582283945787943e-30
            ],
            [
                9.367723249499515e-31,
                0.0,
                0.0,
                7.068998164605409e-16,
                0.0,
                0.0,
                -2.9582283945787943e-30,
                0.0
            ],
            [
                -2.514494135391975e-30,
                0.0,
                0.0,
                1.3357370765019566e-16,
                0.0,
                -2.9582283945787943e-30,
                0.0,
                0.0
            ],
            [
                0.0,
                -5.17689969051289e-31,
                4.930380657631324e-30,
                0.0,
                -2.9582283945787943e-30,
                0.0,
                0.0,
                0.0
            ]
        ]
    },
    {
        "d": 7,
        "eps_d": 0.8999999999999999,
        "matrix": [
            [
                1.00000000000001,
                0.0,
                0.0,
                0.0,
                0.0,
                -3.2910290889689086e-30,
                1.9721522630525295e-31,
                0.0
            ],
            [
                0.0,
                6.411537967210279e-15,
                2.6749435999563056e-15,
                0.0,
                -4.883246584875005e-16,
                0.0,
                0.0,
                1.2572470676959876e-30
            ],
            [
                0.0,
                2.6749435999563056e-15,
                -1.0519363158323358e-14,
                0.0,
                2.4719809532657816e-16,
                0.0,
                0.0,
                -2.9212505396465593e-30
            ],
            [
                0.0,
                0.0,
                0.0,
                -2.7755575615628914e-17,
                0.0,
                -4.0766001685431344e-17,
                -3.82506526452917e-16,
                0.0
            ],
            [
                0.0,
                -4.883246584875005e-16,
                2.4719809532657816e-16,
                0.0,
                -5.9396931817445875e-15,
                0.0,
                0.0,
                0.0
            ],
            [
                -3.2910290889689086e-30,
                0.0,
                0.0,
                -4.0766001685431344e-17,
                0.0,
                2.7755575615628914e-17,
                -1.8932661725304283e-29,
                0.0
            ],
            [
                1.9721522630525295e-31,
                0.0,
                0.0,
                -3.82506526452917e-16,
                0.0,
                -1.8932661725304283e-29,
                0.0,
                0.0
            ],
            [
                0.0,
                1.2572470676959876e-30,
                -2.9212505396465593e-30,
                0.0,
                0.0,
                0.0,
                0.0,
                2.7755575615628914e-17
            ]
        ]
    },
    {
        "d": 7,
        "eps_d": 1.0,
        "matrix": [
            [
                1.000000000000011,
                0.0,
                0.0,
                5.127595883936577e-30,
                0.0,
                -1.3250398017384183e-30,
                2.711709361697228e-31,
                0.0
            ],
            [
                0.0,
                -3.1363800445660672e-15,
                2.8744367996935843e-15,
                0.0,
                -2.8536201179819685e-16,
                0.0,
                0.0,
                2.711709361697228e-31
            ],
            [
                0.0,
                2.8744367996935843e-15,
                -5.88418203051333e-15,
                0.0,
                3.0097452308194605e-16,
                0.0,
                0.0,
                -1.3373657533824966e-30
            ],
            [
                5.127595883936577e-30,
                0.0,
                0.0,
                0.0,
                0.0,
                -1.4831885719600298e-16,
                -4.553649124439416e-16,
                0.0
            ],
            [
                0.0,
                -2.8536201179819685e-16,
                3.0097452308194605e-16,
                0.0,
                -2.220446049250313e-15,
                0.0,
                0.0,
                -5.127595883936577e-30
            ],
            [
                -1.3250398017384183e-30,
                0.0,
                0.0,
                -1.4831885719600298e-16,
                0.0,
                -2.7755575615628914e-17,
                -5.127595883936577e-30,
                0.0
            ],
            [
                2.711709361697228e-31,
                0.0,
                0.0,
                -4.553649124439416e-16,
                0.0,
                -5.127595883936577e-30,
                0.0,
                0.0
            ],
            [
                0.0,
                2.711709361697228e-31,
                -1.3373657533824966e-30,
                0.0,
                -5.127595883936577e-30,
                0.0,
                0.0,
                0.0
            ]
        ]
    },
    {
        "d": 7,
        "eps_d": 1.1,
        "matrix": [
            [
                1.0000000000000175,
                0.0,
                0.0,
                0.0,
                0.0,
                -8.578862344278503e-30,
                6.939510775616088e-30,
                0.0
            ],
            [
                0.0,
                -8.354428260304303e-15,
                6.817463260588835e-16,
                0.0,
                -1.3903808659953438e-15,
                0.0,
                0.0,
                6.914858872327932e-30
            ],
            [
                0.0,
                6.817463260588835e-16,
                -8.326672684688674e-17,
                0.0,
                1.1492543028345897e-15,
                0.0,
                0.0,
                5.817849176004962e-30
            ],
            [
                0.0,
                0.0,
                0.0,
                0.0,
                0.0,
                7.814929259275286e-16,
                6.340414304695149e-16,
                0.0
            ],
            [
                0.0,
                -1.3903808659953438e-15,
                1.1492543028345897e-15,
                0.0,
                -8.965050923848139e-15,
                0.0,
                0.0,
                0.0
            ],
            [
                -8.578862344278503e-30,
                0.0,
                0.0,
                7.814929259275286e-16,
                0.0,
                -2.7755575615628914e-17,
                -7.296963373294359e-30,
                0.0
            ],
            [
                6.939510775616088e-30,
                0.0,
                0.0,
                6.340414304695149e-16,
                0.0,
                -7.296963373294359e-30,
                -2.7755575615628914e-17,
                0.0
            ],
            [
                0.0,
                6.914858872327932e-30,
                5.817849176004962e-30,
                0.0,
                0.0,
                0.0,
                0.0,
                0.0
            ]
        ]
    },
    {
        "d": 7,
        "eps_d": 1.2,
        "matrix": [
            [
                0.999999999999993,
                0.0,
                0.0,
                2.0214560696288428e-30,
                0.0,
                9.860761315262648e-32,
                -9.860761315262648e-32,
                0.0
            ],
            [
                0.0,
                -1.5681900222830336e-15,
                1.1535911115246663e-15,
                0.0,
                1.992329912159259e-15,
                0.0,
                0.0,
                0.0
            ],
            [
                0.0,
                1.1535911115246663e-15,
                5.051514762044462e-15,
                0.0,
                -2.706168622523835e-15,
                0.0,
                0.0,
                0.0
            ],
            [
                2.0214560696288428e-30,
                0.0,
                0.0,
                0.0,
                0.0,
                -5.204170427921152e-18,
                9.974659986863268e-17,
                0.0
            ],
            [
                0.0,
                1.992329912159259e-15,
                -2.706168622523835e-15,
                0.0,
                3.497202527569243e-15,
                0.0,
                0.0,
                -2.0214560696288428e-30
            ],
            [
                9.860761315262648e-32,
                0.0,
                0.0,
                -5.204170427921152e-18,
                0.0,
                -1.3877787807814457e-17,
                6.162975822039155e-30,
                0.0
            ],
            [
                -9.860761315262648e-32,
                0.0,
                0.0,
                9.974659986863268e-17,
                0.0,
                6.162975822039155e-30,
                0.0,
                0.0
            ],
            [
                0.0,
                0.0,
                0.0,
                0.0,
                -2.0214560696288428e-30,
                0.0,
                0.0,
                0.0
            ]
        ]
    },
    {
        "d": 7,
        "eps_d": 1.3,
        "matrix": [
            [
                1.0000000000000016,
                0.0,
                0.0,
                0.0,
                0.0,
                0.0,
                0.0,
                0.0
            ],
            [
                0.0,
                -5.953570969552402e-15,
                2.0834028946482143e-15,
                0.0,
                3.764349942868909e-16,
                0.0,
                0.0,
                0.0
            ],
            [
                0.0,
                2.0834028946482143e-15,
                4.08006961549745e-15,
                0.0,
                -4.2145106848856694e-15,
                0.0,
                0.0,
                4.930380657631324e-32
            ],
            [
                0.0,
                0.0,
                0.0,
                -2.7755575615628914e-17,
                0.0,
                4.779163176316522e-16,
                9.211381657436684e-16,
                0.0
            ],
            [
                0.0,
                3.764349942868909e-16,
                -4.2145106848856694e-15,
                0.0,
                1.3877787807814457e-16,
                0.0,
                0.0,
                0.0
            ],
            [
                0.0,
                0.0,
                0.0,
                4.779163176316522e-16,
                0.0,
                2.7755575615628914e-17,
                7.494178599599612e-30,
                0.0
            ],
            [
                0.0,
                0.0,
                0.0,
                9.211381657436684e-16,
                0.0,
                7.494178599599612e-30,
                2.7755575615628914e-17,
                0.0
            ],
            [
                0.0,
                0.0,
                4.930380657631324e-32,
                0.0,
                0.0,
                0.0,
                0.0,
                2.7755575615628914e-17
            ]
        ]
    },
    {
        "d": 7,
        "eps_d": 1.4,
        "matrix": [
            [
                1.0000000000000093,
                0.0,
                0.0,
                0.0,
                0.0,
                0.0,
                -6.902532920683853e-30,
                0.0
            ],
            [
                0.0,
                -1.4432899320127035e-15,
                3.3688329903470154e-15,
                0.0,
                8.283304597789397e-16,
                0.0,
                0.0,
                8.085824278515371e-30
            ],
            [
                0.0,
                3.3688329903470154e-15,
                -9.96425164601078e-15,
                0.0,
                2.2802940091715737e-15,
                0.0,
                0.0,
                0.0
            ],
            [
                0.0,
                0.0,
                0.0,
                0.0,
                0.0,
                -1.9142673557404808e-15,
                3.287300986976141e-16,
                0.0
            ],
            [
                0.0,
                8.283304597789397e-16,
                2.2802940091715737e-15,
                0.0,
                2.0261570199409107e-15,
                0.0,
                0.0,
                0.0
            ],
            [
                0.0,
                0.0,
                0.0,
                -1.9142673557404808e-15,
                0.0,
                0.0,
                0.0,
                0.0
            ],
            [
                -6.902532920683853e-30,
                0.0,
                0.0,
                3.287300986976141e-16,
                0.0,
                0.0,
                -2.7755575615628914e-17,
                0.0
            ],
            [
                0.0,
                8.085824278515371e-30,
                0.0,
                0.0,
                0.0,
                0.0,
                0.0,
                0.0
            ]
        ]
    },
    {
        "d": 7,
        "eps_d": 1.5,
        "matrix": [
            [
                1.0000000000000113,
                0.0,
                0.0,
                1.203012880462043e-29,
                0.0,
                9.466330862652142e-30,
                -3.1554436208840472e-30,
                0.0
            ],
            [
                0.0,
                -8.909539772616881e-15,
                6.76715627978587e-15,
                0.0,
                -2.6584637269345302e-15,
                0.0,
                0.0,
                -3.106139814307734e-30
            ],
            [
                0.0,
                6.76715627978587e-15,
                -1.4432899320127035e-15,
                0.0,
                1.1969591984239575e-15,
                0.0,
                0.0,
                -5.127595883936577e-30
            ],
            [
                1.203012880462043e-29,
                0.0,
                0.0,
                0.0,
                0.0,
                5.394990010288112e-16,
                1.4649739754625694e-15,
                0.0
            ],
            [
                0.0,
                -2.6584637269345302e-15,
                1.1969591984239575e-15,
                0.0,
                -1.1657341758564144e-15,
                0.0,
                0.0,
                0.0
            ],
            [
                9.466330862652142e-30,
                0.0,
                0.0,
                5.394990010288112e-16,
                0.0,
                -2.7755575615628914e-17,
                -1.203012880462043e-29,
                0.0
            ],
            [
                -3.1554436208840472e-30,
                0.0,
                0.0,
                1.4649739754625694e-15,
                0.0,
                -1.203012880462043e-29,
                0.0,
                0.0
            ],
            [
                0.0,
                -3.106139814307734e-30,
                -5.127595883936577e-30,
                0.0,
                0.0,
                0.0,
                0.0,
                0.0
            ]
        ]
    },
    {
        "d": 7,
        "eps_d": 1.5999999999999999,
        "matrix": [
            [
                1.0000000000000158,
                0.0,
                0.0,
                3.254051234036674e-30,
                0.0,
                -1.0846837446788912e-30,
                1.4593926746588718e-29,
                0.0
            ],
            [
                0.0,
                -5.578870698741412e-15,
                -1.8388068845352822e-15,
                0.0,
                6.071532165918659e-16,
                0.0,
                0.0,
                -3.549874073494553e-30
            ],
            [
                0.0,
                -1.8388068845352822e-15,
                -9.43689570931383e-15,
                0.0,
                4.113029361541079e-15,
                0.0,
                0.0,
                1.0846837446788912e-30
            ],
            [
                3.254051234036674e-30,
                0.0,
                0.0,
                0.0,
                0.0,
                -1.0425688090620757e-15,
                -6.938893903902495e-18,
                0.0
            ],
            [
                0.0,
                6.071532165918659e-16,
                4.113029361541079e-15,
                0.0,
                -6.106226635438361e-16,
                0.0,
                0.0,
                3.254051234036674e-30
            ],
            [
                -1.0846837446788912e-30,
                0.0,
                0.0,
                -1.0425688090620757e-15,
                0.0,
                -2.7755575615628914e-17,
                3.254051234036674e-30,
                0.0
            ],
            [
                1.4593926746588718e-29,
                0.0,
                0.0,
                -6.938893903902495e-18,
                0.0,
                3.254051234036674e-30,
                0.0,
                0.0
            ],
            [
                0.0,
                -3.549874073494553e-30,
                1.0846837446788912e-30,
                0.0,
                3.254051234036674e-30,
                0.0,
                0.0,
                0.0
            ]
        ]
    },
    {
        "d": 7,
        "eps_d": 1.7,
        "matrix": [
            [
                1.0000000000000027,
                0.0,
                0.0,
                0.0,
                0.0,
                4.683861624749758e-31,
                -1.2818989709841442e-30,
                0.0
            ],
            [
                0.0,
                -9.325873406851315e-15,
                -2.822395095414281e-15,
                0.0,
                -1.3270634591224712e-16,
                0.0,
                0.0,
                -1.2818989709841442e-30
            ],
            [
                0.0,
                -2.822395095414281e-15,
                1.1018963519404679e-14,
                0.0,
                -5.308253836489435e-16,
                0.0,
                0.0,
                -1.8488927466117464e-30
            ],
            [
                0.0,
                0.0,
                0.0,
                -2.7755575615628914e-17,
                0.0,
                1.2906342661268305e-15,
                5.24753851482925e-16,
                0.0
            ],
            [
                0.0,
                -1.3270634591224712e-16,
                -5.308253836489435e-16,
                0.0,
                -4.538036613155327e-15,
                0.0,
                0.0,
                -9.860761315262648e-32
            ],
            [
                4.683861624749758e-31,
                0.0,
                0.0,
                1.2906342661268305e-15,
                0.0,
                -2.7755575615628914e-17,
                1.00579765415679e-29,
                0.0
            ],
            [
                -1.2818989709841442e-30,
                0.0,
                0.0,
                5.24753851482925e-16,
                0.0,
                1.00579765415679e-29,
                -2.7755575615628914e-17,
                0.0
            ],
            [
                0.0,
                -1.2818989709841442e-30,
                -1.8488927466117464e-30,
                0.0,
                -9.860761315262648e-32,
                0.0,
                0.0,
                2.7755575615628914e-17
            ]
        ]
    },
    {
        "d": 7,
        "eps_d": 1.7999999999999998,
        "matrix": [
            [
                0.9999999999999977,
                0.0,
                0.0,
                0.0,
                0.0,
                -1.232595164407831e-32,
                1.0945445059941539e-29,
                0.0
            ],
            [
                0.0,
                1.5126788710517758e-15,
                1.8526846723434106e-15,
                0.0,
                7.494005416219697e-16,
                0.0,
                0.0,
                0.0
            ],
            [
                0.0,
                1.8526846723434106e-15,
                9.3119956190435e-15,
                0.0,
                -3.8163916471362454e-17,
                0.0,
                0.0,
                -3.697785493223493e-32
            ],
            [
                0.0,
                0.0,
                0.0,
                1.3877787807814457e-17,
                0.0,
                3.0635216585750334e-15,
                9.471590178833398e-16,
                0.0
            ],
            [
                0.0,
                7.494005416219697e-16,
                -3.8163916471362454e-17,
                0.0,
                -8.534839501805891e-15,
                0.0,
                0.0,
                -9.860761315262648e-32
            ],
            [
                -1.232595164407831e-32,
                0.0,
                0.0,
                3.0635216585750334e-15,
                0.0,
                -1.3877787807814457e-17,
                -6.508102468073347e-30,
                0.0
            ],
            [
                1.0945445059941539e-29,
                0.0,
