[
    {
        "d": 8,
        "eps_d": 0.0,
        "matrix": [
            [
                0.9999999999999973,
                0.0,
                0.0,
                -2.0214560696288428e-30,
                0.0,
                4.252453317207017e-31,
                -1.7256332301709633e-30,
                0.0
            ],
            [
                0.0,
                -2.6645352591003757e-15,
                -3.7859206284266696e-16,
                0.0,
                1.126439058917652e-16,
                0.0,
                0.0,
                1.7749370367472766e-30
            ],
            [
                0.0,
                -3.7859206284266696e-16,
                -8.881784197001252e-16,
                0.0,
                1.4568387055773627e-16,
                0.0,
                0.0,
                -3.389636702121535e-31
            ],
            [
                -2.0214560696288428e-30,
                0.0,
                0.0,
                0.0,
                0.0,
                1.1385558762534458e-15,
                -1.002484688729281e-16,
                0.0
            ],
            [
                0.0,
                1.126439058917652e-16,
                1.4568387055773627e-16,
                0.0,
                6.217248937900877e-15,
                0.0,
                0.0,
                -6.656013887802287e-31
            ],
            [
                4.252453317207017e-31,
                0.0,
                0.0,
                1.1385558762534458e-15,
                0.0,
                0.0,
                -2.0214560696288428e-30,
                0.0
            ],
            [
                -1.7256332301709633e-30,
                0.0,
                0.0,
                -1.002484688729281e-16,
                0.0,
                -2.0214560696288428e-30,
                0.0,
                0.0
            ],
            [
                0.0,
                1.7749370367472766e-30,
                -3.389636702121535e-31,
                0.0,
                -6.656013887802287e-31,
                0.0,
                0.0,
                0.0
            ]
        ]
    },
    {
        "d": 8,
        "eps_d": 0.1,
        "matrix": [
            [
                1.00000000000001,
                0.0,
                0.0,
                0.0,
                0.0,
                2.8596207814261678e-30,
                1.8488927466117464e-30,
                0.0
            ],
            [
                0.0,
                -4.135580766728708e-15,
                -1.6896206656014044e-15,
                0.0,
                -8.034209148660767e-16,
                0.0,
                0.0,
                -1.8242408433235898e-30
            ],
            [
                0.0,
                -1.6896206656014044e-15,
                -1.8596235662471372e-15,
                0.0,
                -4.016426947972554e-16,
                0.0,
                0.0,
                -4.930380657631324e-31
            ],
            [
                0.0,
                0.0,
                0.0,
                0.0,
                0.0,
                1.1248597539538284e-16,
                1.350102755287711e-16,
                0.0
            ],
            [
                0.0,
                -8.034209148660767e-16,
                -4.016426947972554e-16,
                0.0,
                -3.9968028886505635e-15,
                0.0,
                0.0,
                4.930380657631324e-32
            ],
            [
                2.8596207814261678e-30,
                0.0,
                0.0,
                1.1248597539538284e-16,
                0.0,
                -2.7755575615628914e-17,
                6.015064402310215e-30,
                0.0
            ],
            [
                1.8488927466117464e-30,
                0.0,
                0.0,
                1.350102755287711e-16,
                0.0,
                6.015064402310215e-30,
                -2.7755575615628914e-17,
                0.0
            ],
            [
                0.0,
                -1.8242408433235898e-30,
                -4.930380657631324e-31,
                0.0,
                4.930380657631324e-32,
                0.0,
                0.0,
                0.0
            ]
        ]
    },
    {
        "d": 8,
        "eps_d": 0.2,
        "matrix": [
            [
                1.0000000000000024,
                0.0,
                0.0,
                -2.0214560696288428e-30,
                0.0,
                -4.6345578181734444e-30,
                7.518830502887769e-31,
                0.0
            ],
            [
                0.0,
                2.0539125955565396e-15,
                -1.1407975258892568e-15,
                0.0,
                -6.464555453444801e-16,
                0.0,
                0.0,
                -7.518830502887769e-31
            ],
            [
                0.0,
                -1.1407975258892568e-15,
                -5.3013149425851225e-15,
                0.0,
                7.55797334439688e-16,
                0.0,
                0.0,
                4.6345578181734444e-30
            ],
            [
                -2.0214560696288428e-30,
                0.0,
                0.0,
                0.0,
                0.0,
                3.2385118892141776e-16,
                6.509007742516756e-16,
                0.0
            ],
            [
                0.0,
                -6.464555453444801e-16,
                7.55797334439688e-16,
                0.0,
                6.661338147750939e-16,
                0.0,
                0.0,
                1.9721522630525295e-30
            ],
            [
                -4.6345578181734444e-30,
                0.0,
                0.0,
                3.2385118892141776e-16,
                0.0,
                2.7755575615628914e-17,
                2.0214560696288428e-30,
                0.0
            ],
            [
                7.518830502887769e-31,
                0.0,
                0.0,
                6.509007742516756e-16,
                0.0,
                2.0214560696288428e-30,
                0.0,
                0.0
            ],
            [
                0.0,
                -7.518830502887769e-31,
                4.6345578181734444e-30,
                0.0,
                1.9721522630525295e-30,
                0.0,
                0.0,
                -2.7755575615628914e-17
            ]
        ]
    },
    {
        "d": 8,
        "eps_d": 0.30000000000000004,
        "matrix": [
            [
                1.0000000000000042,
                0.0,
                0.0,
                0.0,
                0.0,
                4.5606021083089745e-31,
                -1.7256332301709633e-31,
                0.0
            ],
            [
                0.0,
                -3.635980405647388e-15,
                7.658804146437725e-16,
                0.0,
                3.6114774365492744e-16,
                0.0,
                0.0,
                -1.7256332301709633e-31
            ],
            [
                0.0,
                7.658804146437725e-16,
                2.0816681711721685e-15,
                0.0,
                3.088891989411294e-16,
                0.0,
                0.0,
                -4.5606021083089745e-31
            ],
            [
                0.0,
                0.0,
                0.0,
                -2.7755575615628914e-17,
                0.0,
                -3.5919617974444427e-16,
                1.0180658399639302e-16,
                0.0
            ],
            [
                0.0,
                3.6114774365492744e-16,
                3.088891989411294e-16,
                0.0,
                -2.581268532253489e-15,
                0.0,
                0.0,
                0.0
            ],
            [
                4.5606021083089745e-31,
                0.0,
                0.0,
                -3.5919617974444427e-16,
                0.0,
                2.7755575615628914e-17,
                -2.7610131682735413e-30,
                0.0
            ],
            [
                -1.7256332301709633e-31,
                0.0,
                0.0,
                1.0180658399639302e-16,
                0.0,
                -2.7610131682735413e-30,
                -2.7755575615628914e-17,
                0.0
            ],
            [
                0.0,
                -1.7256332301709633e-31,
                -4.5606021083089745e-31,
                0.0,
                0.0,
                0.0,
                0.0,
                -2.7755575615628914e-17
            ]
        ]
    },
    {
        "d": 8,
        "eps_d": 0.4,
        "matrix": [
            [
                1.0000000000000004,
                0.0,
                0.0,
                -3.4512664603419266e-30,
                0.0,
                -1.1241267899399418e-29,
                -1.7102257906158654e-31,
                0.0
            ],
            [
                0.0,
                -2.761679773755077e-15,
                -9.79685083057942e-16,
                0.0,
                1.9615385704606815e-15,
                0.0,
                0.0,
                1.7102257906158654e-31
            ],
            [
                0.0,
                -9.79685083057942e-16,
                2.3869795029440866e-15,
                0.0,
                6.791442408449283e-16,
                0.0,
                0.0,
                5.9164567891575885e-30
            ],
            [
                -3.4512664603419266e-30,
                0.0,
                0.0,
                -5.551115123125783e-17,
                0.0,
                6.362098348144561e-16,
                -4.505944228849839e-16,
                0.0
            ],
            [
                0.0,
                1.9615385704606815e-15,
                6.791442408449283e-16,
                0.0,
                -1.5265566588595902e-16,
                0.0,
                0.0,
                -4.930380657631324e-32
            ],
            [
                -1.1241267899399418e-29,
                0.0,
                0.0,
                6.362098348144561e-16,
                0.0,
                0.0,
                0.0,
                0.0
            ],
            [
                -1.7102257906158654e-31,
                0.0,
                0.0,
                -4.505944228849839e-16,
                0.0,
                0.0,
                0.0,
                0.0
            ],
            [
                0.0,
                1.7102257906158654e-31,
                5.9164567891575885e-30,
                0.0,
                -4.930380657631324e-32,
                0.0,
                0.0,
                0.0
            ]
        ]
    },
    {
        "d": 8,
        "eps_d": 0.5,
        "matrix": [
            [
                0.9999999999999978,
                0.0,
                0.0,
                9.737501798821864e-31,
                0.0,
                -2.908924588002481e-30,
                0.0,
                0.0
            ],
            [
                0.0,
                -7.882583474838611e-15,
                2.732189474663588e-16,
                0.0,
                1.6087391835340207e-15,
                0.0,
                0.0,
                -4.930380657631324e-32
            ],
            [
                0.0,
                2.732189474663588e-16,
                -1.3322676295501878e-15,
                0.0,
                4.267419750902903e-16,
                0.0,
                0.0,
                -2.9582283945787943e-30
            ],
            [
                9.737501798821864e-31,
                0.0,
                0.0,
                0.0,
                0.0,
                9.935628708657178e-16,
                3.6646033430022376e-17,
                0.0
            ],
            [
                0.0,
                1.6087391835340207e-15,
                4.267419750902903e-16,
                0.0,
                1.1518563880485999e-14,
                0.0,
                0.0,
                1.232595164407831e-32
            ],
            [
                -2.908924588002481e-30,
                0.0,
                0.0,
                9.935628708657178e-16,
                0.0,
                0.0,
                3.8826747678846675e-30,
                0.0
            ],
            [
                0.0,
                0.0,
                0.0,
                3.6646033430022376e-17,
                0.0,
                3.8826747678846675e-30,
                0.0,
                0.0
            ],
            [
                0.0,
                -4.930380657631324e-32,
                -2.9582283945787943e-30,
                0.0,
                1.232595164407831e-32,
                0.0,
                0.0,
                0.0
            ]
        ]
    },
    {
        "d": 8,
        "eps_d": 0.6000000000000001,
        "matrix": [
            [
                0.9999999999999987,
                0.0,
                0.0,
                -4.4373425918681914e-30,
                0.0,
                2.9582283945787943e-30,
                -3.3526588471893e-30,
                0.0
            ],
            [
                0.0,
                3.885780586188048e-15,
                -2.508410146262484e-15,
                0.0,
                8.287641406479539e-16,
                0.0,
                0.0,
                6.902532920683853e-30
            ],
            [
                0.0,
                -2.508410146262484e-15,
                -7.105427357601002e-15,
                0.0,
                -1.955033357425883e-15,
                0.0,
                0.0,
                -1.9721522630525295e-30
            ],
            [
                -4.4373425918681914e-30,
                0.0,
                0.0,
                0.0,
                0.0,
                9.280770596475877e-16,
                -5.594483210025225e-16,
                0.0
            ],
            [
                0.0,
                8.287641406479539e-16,
                -1.955033357425883e-15,
                0.0,
                4.413136522884997e-15,
                0.0,
                0.0,
                4.338734978715565e-30
            ],
            [
                2.9582283945787943e-30,
                0.0,
                0.0,
                9.280770596475877e-16,
                0.0,
                0.0,
                -1.3312027775604574e-29,
                0.0
            ],
            [
                -3.3526588471893e-30,
                0.0,
                0.0,
                -5.594483210025225e-16,
                0.0,
                -1.3312027775604574e-29,
                2.7755575615628914e-17,
                0.0
            ],
            [
                0.0,
                6.902532920683853e-30,
                -1.9721522630525295e-30,
                0.0,
                4.338734978715565e-30,
                0.0,
                0.0,
                0.0
            ]
        ]
    },
    {
        "d": 8,
        "eps_d": 0.7000000000000001,
        "matrix": [
            [
                0.9999999999999803,
                0.0,
                0.0,
                5.97808654737798e-31,
                0.0,
                -2.711709361697228e-30,
                -5.300159206953673e-31,
                0.0
            ],
            [
                0.0,
                5.870304242705515e-15,
                1.1275702593856287e-16,
                0.0,
                -7.556889142223363e-16,
                0.0,
                0.0,
                -5.300159206953673e-31
            ],
            [
                0.0,
                1.1275702593856287e-16,
                6.813993813636898e-15,
                0.0,
                2.0816681711754213e-17,
                0.0,
                0.0,
                3.2047474274603605e-31
            ],
            [
                5.97808654737798e-31,
                0.0,
                0.0,
                0.0,
                0.0,
                -3.2179120479370546e-16,
                9.259086553025954e-17,
                0.0
            ],
            [
                0.0,
                -7.556889142223363e-16,
                2.0816681711754213e-17,
                0.0,
                7.0360384185619296e-15,
                0.0,
                0.0,
                -2.033782021272921e-31
            ],
            [
                -2.711709361697228e-30,
                0.0,
                0.0,
                -3.2179120479370546e-16,
                0.0,
                -2.7755575615628914e-17,
                5.97808654737798e-31,
                0.0
            ],
            [
                -5.300159206953673e-31,
                0.0,
                0.0,
                9.259086553025954e-17,
                0.0,
                5.97808654737798e-31,
                0.0,
                0.0
            ],
            [
                0.0,
                -5.300159206953673e-31,
                3.2047474274603605e-31,
                0.0,
                -2.033782021272921e-31,
                0.0,
                0.0,
                0.0
            ]
        ]
    },
    {
        "d": 8,
        "eps_d": 0.8,
        "matrix": [
            [
                0.9999999999999871,
                0.0,
                0.0,
                -2.304952957442644e-30,
                0.0,
                3.993608332681372e-30,
                -2.465190328815662e-32,
                0.0
            ],
            [
                0.0,
                1.3322676295501878e-15,
                4.34548230732189e-16,
                0.0,
                -7.218618064408646e-16,
                0.0,
                0.0,
                2.465190328815662e-32
            ],
            [
                0.0,
                4.34548230732189e-16,
                1.2212453270876722e-15,
                0.0,
                5.93275428784043e-16,
                0.0,
                0.0,
                1.627025617018337e-30
            ],
            [
                -2.304952957442644e-30,
                0.0,
                0.0,
                0.0,
                0.0,
                8.040443311152339e-16,
                -6.787105599757438e-17,
                0.0
            ],
            [
                0.0,
                -7.218618064408646e-16,
                5.93275428784043e-16,
                0.0,
                1.0325074129013956e-14,
                0.0,
                0.0,
                7.765349535769335e-31
            ],
            [
                3.993608332681372e-30,
                0.0,
                0.0,
                8.040443311152339e-16,
                0.0,
                0.0,
                3.858022864596511e-30,
                0.0
            ],
            [
                -2.465190328815662e-32,
                0.0,
                0.0,
                -6.787105599757438e-17,
                0.0,
                3.858022864596511e-30,
                0.0,
                0.0
            ],
            [
                0.0,
                2.465190328815662e-32,
                1.627025617018337e-30,
                0.0,
                7.765349535769335e-31,
                0.0,
                0.0,
                0.0
            ]
        ]
    },
    {
        "d": 8,
        "eps_d": 0.9,
        "matrix": [
            [
                0.9999999999999932,
                0.0,
                0.0,
                -7.691393825904865e-30,
                0.0,
                -1.5580002878114983e-29,
                -2.8965986363584027e-31,
                0.0
            ],
            [
                0.0,
                3.58046925441613e-15,
                2.154526557163134e-15,
                0.0,
                -2.9204069718068415e-15,
                0.0,
                0.0,
                2.8965986363584027e-31
            ],
            [
                0.0,
                2.154526557163134e-15,
                1.1657341758564144e-15,
                0.0,
                -3.5648567431322617e-16,
                0.0,
                0.0,
                5.127595883936577e-30
            ],
            [
                -7.691393825904865e-30,
                0.0,
                0.0,
                0.0,
                0.0,
                -1.890848588814645e-16,
                -2.0383000842756277e-17,
                0.0
            ],
            [
                0.0,
                -2.9204069718068415e-15,
                -3.5648567431322617e-16,
                0.0,
                2.0539125955565396e-15,
                0.0,
                0.0,
                0.0
            ],
            [
                -1.5580002878114983e-29,
                0.0,
                0.0,
                -1.890848588814645e-16,
                0.0,
                0.0,
                7.691393825904865e-30,
                0.0
            ],
            [
                -2.8965986363584027e-31,
                0.0,
                0.0,
                -2.0383000842756277e-17,
                0.0,
                7.691393825904865e-30,
                0.0,
                0.0
            ],
            [
                0.0,
                2.8965986363584027e-31,
                5.127595883936577e-30,
                0.0,
                0.0,
                0.0,
                0.0,
                0.0
            ]
        ]
    },
    {
        "d": 8,
        "eps_d": 1.0,
        "matrix": [
            [
                0.9999999999999908,
                0.0,
                0.0,
                -3.4512664603419266e-30,
                0.0,
                -2.6377536518327582e-30,
                -8.874685183736383e-30,
                0.0
            ],
            [
                0.0,
                -1.2351231148954867e-15,
                1.926410420072253e-15,
                0.0,
                1.0241373721298556e-15,
                0.0,
                0.0,
                8.874685183736383e-30
            ],
            [
                0.0,
                1.926410420072253e-15,
                1.7208456881689926e-15,
                0.0,
                4.825133348429447e-15,
                0.0,
                0.0,
                2.6377536518327582e-30
            ],
            [
                -3.4512664603419266e-30,
                0.0,
                0.0,
                0.0,
                0.0,
                -1.2056328158032045e-16,
                2.8384412875670417e-16,
                0.0
            ],
            [
                0.0,
                1.0241373721298556e-15,
                4.825133348429447e-15,
                0.0,
                8.743006318923108e-15,
                0.0,
                0.0,
                -3.4512664603419266e-30
            ],
            [
                -2.6377536518327582e-30,
                0.0,
                0.0,
                -1.2056328158032045e-16,
                0.0,
                -1.3877787807814457e-17,
                1.035379938102578e-29,
                0.0
            ],
            [
                -8.874685183736383e-30,
                0.0,
                0.0,
                2.8384412875670417e-16,
                0.0,
                1.035379938102578e-29,
                0.0,
                0.0
            ],
            [
                0.0,
                8.874685183736383e-30,
                2.6377536518327582e-30,
                0.0,
                -3.4512664603419266e-30,
                0.0,
                0.0,
                0.0
            ]
        ]
    },
    {
        "d": 8,
        "eps_d": 1.1,
        "matrix": [
            [
                1.000000000000002,
                0.0,
                0.0,
                -2.4960052079258577e-31,
                0.0,
                -1.4544622940012405e-30,
                2.2618121266883698e-30,
                0.0
            ],
            [
                0.0,
                -2.42861286636753e-15,
                7.025630077705979e-17,
                0.0,
                -1.2385925618474377e-15,
                0.0,
                0.0,
                2.274138078332448e-30
            ],
            [
                0.0,
                7.025630077705979e-17,
                1.5265566588595902e-15,
                0.0,
                -5.390653201598382e-16,
                0.0,
                0.0,
                1.4051584874249273e-30
            ],
            [
                -2.4960052079258577e-31,
                0.0,
                0.0,
                -2.7755575615628914e-17,
                0.0,
                -7.368237964211563e-16,
                -4.471249759330263e-16,
                0.0
            ],
            [
                0.0,
                -1.2385925618474377e-15,
                -5.390653201598382e-16,
                0.0,
                -1.2628786905111156e-15,
                0.0,
                0.0,
                2.5268200870360534e-31
            ],
            [
                -1.4544622940012405e-30,
                0.0,
                0.0,
                -7.368237964211563e-16,
                0.0,
                -2.7755575615628914e-17,
                4.9611955367415196e-31,
                0.0
            ],
            [
                2.2618121266883698e-30,
                0.0,
                0.0,
                -4.471249759330263e-16,
                0.0,
                4.9611955367415196e-31,
                2.7755575615628914e-17,
                0.0
            ],
            [
                0.0,
                2.274138078332448e-30,
                1.4051584874249273e-30,
                0.0,
                2.5268200870360534e-31,
                0.0,
                0.0,
                2.7755575615628914e-17
            ]
        ]
    },
    {
        "d": 8,
        "eps_d": 1.2000000000000002,
        "matrix": [
            [
                0.9999999999999947,
                0.0,
                0.0,
                3.944304526105059e-30,
                0.0,
                -4.289431172139252e-30,
                6.803925307531227e-30,
                0.0
            ],
            [
                0.0,
                3.524958103184872e-15,
                2.2213134109883263e-15,
                0.0,
                -4.414871246360479e-16,
                0.0,
                0.0,
                -7.888609052210118e-31
            ],
            [
                0.0,
                2.2213134109883263e-15,
                7.188694084447889e-15,
                0.0,
                1.9359513991900714e-15,
                0.0,
                0.0,
                2.514494135391975e-30
            ],
            [
                3.944304526105059e-30,
                0.0,
                0.0,
                1.3877787807814457e-17,
                0.0,
                -2.30718222304888e-16,
                1.977584762613356e-16,
                0.0
            ],
            [
                0.0,
                -4.414871246360479e-16,
                1.9359513991900714e-15,
                0.0,
                -5.23192600354605e-15,
                0.0,
                0.0,
                3.944304526105059e-30
            ],
            [
                -4.289431172139252e-30,
                0.0,
                0.0,
                -2.30718222304888e-16,
                0.0,
                0.0,
                -1.1832913578315177e-29,
                0.0
            ],
            [
                6.803925307531227e-30,
                0.0,
                0.0,
                1.977584762613356e-16,
                0.0,
                -1.1832913578315177e-29,
                1.3877787807814457e-17,
                0.0
            ],
            [
                0.0,
                -7.888609052210118e-31,
                2.514494135391975e-30,
                0.0,
                3.944304526105059e-30,
                0.0,
                0.0,
                -1.3877787807814457e-17
            ]
        ]
    },
    {
        "d": 8,
        "eps_d": 1.3,
        "matrix": [
            [
                0.9999999999999852,
                0.0,
                0.0,
                1.4544622940012405e-30,
                0.0,
                -1.6948183510607676e-31,
                -1.1044052673094165e-29,
                0.0
            ],
            [
                0.0,
                -1.9984014443252818e-15,
                8.213915658749927e-16,
                0.0,
                5.204170427932901e-17,
                0.0,
                0.0,
                -1.1044052673094165e-29
            ],
            [
                0.0,
                8.213915658749927e-16,
                6.7307270867900115e-15,
                0.0,
                5.957474097373435e-15,
                0.0,
                0.0,
                1.6948183510607676e-31
            ],
            [
                1.4544622940012405e-30,
                0.0,
                0.0,
                0.0,
                0.0,
                2.077331362482195e-16,
                1.4745149545807776e-16,
                0.0
            ],
            [
                0.0,
                5.204170427932901e-17,
                5.957474097373435e-15,
                0.0,
                9.950373858202965e-15,
                0.0,
                0.0,
                1.4544622940012405e-30
            ],
            [
                -1.6948183510607676e-31,
                0.0,
                0.0,
                2.077331362482195e-16,
                0.0,
                0.0,
                1.0230539864584997e-29,
                0.0
            ],
            [
                -1.1044052673094165e-29,
                0.0,
                0.0,
                1.4745149545807776e-16,
                0.0,
                1.0230539864584997e-29,
                0.0,
                0.0
            ],
            [
                0.0,
                -1.1044052673094165e-29,
                1.6948183510607676e-31,
                0.0,
                1.4544622940012405e-30,
                0.0,
                0.0,
                0.0
            ]
        ]
    },
    {
        "d": 8,
        "eps_d": 1.4000000000000001,
        "matrix": [
            [
                1.000000000000005,
                0.0,
                0.0,
                -5.5220263365470826e-30,
                0.0,
                -2.982880297866951e-30,
                -9.860761315262648e-32,
                0.0
            ],
            [
                0.0,
                -2.220446049250313e-16,
                -3.0886751489768936e-15,
                0.0,
                -8.465450562766333e-16,
                0.0,
                0.0,
                0.0
            ],
            [
                0.0,
                -3.0886751489768936e-15,
                2.55351295663786e-15,
                0.0,
                -2.802445775440643e-15,
                0.0,
                0.0,
                -1.4791141972893971e-31
            ],
            [
                -5.5220263365470826e-30,
                0.0,
                0.0,
                0.0,
                0.0,
                -2.9923979960594016e-16,
                -3.5561831257515967e-17,
                0.0
            ],
            [
                0.0,
                -8.465450562766333e-16,
                -2.802445775440643e-15,
                0.0,
                -7.271960811294775e-15,
                0.0,
                0.0,
                -5.5220263365470826e-30
            ],
            [
                -2.982880297866951e-30,
                0.0,
                0.0,
                -2.9923979960594016e-16,
                0.0,
                0.0,
                1.6566079009641248e-29,
                0.0
            ],
            [
                -9.860761315262648e-32,
                0.0,
                0.0,
                -3.5561831257515967e-17,
                0.0,
                1.6566079009641248e-29,
                0.0,
                0.0
            ],
            [
                0.0,
                0.0,
                -1.4791141972893971e-31,
                0.0,
                -5.5220263365470826e-30,
                0.0,
                0.0,
                0.0
            ]
        ]
    },
    {
        "d": 8,
        "eps_d": 1.5,
        "matrix": [
            [
                0.999999999999999,
                0.0,
                0.0,
                0.0,
                0.0,
                1.7256332301709633e-30,
                0.0,
                0.0
            ],
            [
                0.0,
                -5.412337245047638e-16,
                1.2602766052971736e-15,
                0.0,
                3.6992978125204603e-16,
                0.0,
                0.0,
                0.0
            ],
            [
                0.0,
                1.2602766052971736e-15,
                2.2620794126737565e-15,
                0.0,
                5.464378949326351e-17,
                0.0,
                0.0,
                -1.7256332301709633e-30
            ],
            [
                0.0,
                0.0,
                0.0,
                0.0,
                0.0,
                -1.8127860323959562e-16,
                -1.1752751549744184e-16,
                0.0
            ],
            [
                0.0,
                3.6992978125204603e-16,
                5.464378949326351e-17,
                0.0,
                -6.938893903907228e-16,
                0.0,
                0.0,
                0.0
            ],
            [
                1.7256332301709633e-30,
                0.0,
                0.0,
                -1.8127860323959562e-16,
                0.0,
                0.0,
                0.0,
                0.0
            ],
            [
                0.0,
                0.0,
                0.0,
                -1.1752751549744184e-16,
                0.0,
                0.0,
                0.0,
                0.0
            ],
            [
                0.0,
                0.0,
                -1.7256332301709633e-30,
                0.0,
                0.0,
                0.0,
                0.0,
                0.0
            ]
        ]
    },
    {
        "d": 8,
        "eps_d": 1.6,
        "matrix": [
            [
                1.0000000000000002,
                0.0,
                0.0,
                4.535950205020818e-30,
                0.0,
                6.101346063818763e-31,
                -1.75028513345912e-30,
                0.0
            ],
            [
                0.0,
                1.0130785099704553e-14,
                -2.546574062733957e-15,
                0.0,
                2.5847379792058296e-16,
                0.0,
                0.0,
                1.1093356479670479e-30
            ],
            [
                0.0,
                -2.546574062733957e-15,
                -8.770761894538737e-15,
                0.0,
                -4.926614671773021e-16,
                0.0,
                0.0,
                9.18283397483834e-31
            ],
            [
                4.535950205020818e-30,
                0.0,
                0.0,
                0.0,
                0.0,
                3.0357660829587517e-16,
                1.7433970933567318e-16,
                0.0
            ],
            [
                0.0,
                2.5847379792058296e-16,
                -4.926614671773021e-16,
                0.0,
                -1.6930901125533637e-15,
                0.0,
                0.0,
                -4.535950205020818e-30
            ],
            [
                6.101346063818763e-31,
                0.0,
                0.0,
                3.0357660829587517e-16,
                0.0,
                2.7755575615628914e-17,
                4.535950205020818e-30,
                0.0
            ],
            [
                -1.75028513345912e-30,
                0.0,
                0.0,
                1.7433970933567318e-16,
                0.0,
                4.535950205020818e-30,
                2.7755575615628914e-17,
                0.0
            ],
            [
                0.0,
                1.1093356479670479e-30,
                9.18283397483834e-31,
                0.0,
                -4.535950205020818e-30,
                0.0,
                0.0,
                0.0
            ]
        ]
    },
    {
        "d": 8,
        "eps_d": 1.7000000000000002,
        "matrix": [
            [
                0.9999999999999974,
                0.0,
                0.0,
                1.0600318413907346e-30,
                0.0,
                3.254051234036674e-30,
                -2.3665827156630354e-30,
                0.0
            ],
            [
                0.0,
                -5.564992910933597e-15,
                5.941427905220925e-16,
                0.0,
                1.7394939655355236e-15,
                0.0,
                0.0,
                1.4199496293978212e-29
            ],
            [
                0.0,
                5.941427905220925e-16,
                6.619704784327496e-15,
                0.0,
                3.9460622269782695e-15,
                0.0,
                0.0,
                3.254051234036674e-30
            ],
            [
                1.0600318413907346e-30,
                0.0,
                0.0,
                0.0,
                0.0,
                -5.642188105615183e-16,
                1.1058862159357894e-16,
                0.0
            ],
            [
                0.0,
                1.7394939655355236e-15,
                3.9460622269782695e-15,
                0.0,
                1.4016565685892601e-15,
                0.0,
                0.0,
                -1.0600318413907346e-30
            ],
            [
                3.254051234036674e-30,
                0.0,
                0.0,
                -5.642188105615183e-16,
                0.0,
                -2.7755575615628914e-17,
                -9.490982765940298e-30,
                0.0
            ],
            [
                -2.3665827156630354e-30,
                0.0,
                0.0,
                1.1058862159357894e-16,
                0.0,
                -9.490982765940298e-30,
                0.0,
                0.0
            ],
            [
                0.0,
                1.4199496293978212e-29,
                3.254051234036674e-30,
                0.0,
                -1.0600318413907346e-30,
                0.0,
                0.0,
                0.0
            ]
        ]
    },
    {
        "d": 8,
        "eps_d": 1.8,
        "matrix": [
            [
                0.9999999999999951,
                0.0,
                0.0,
                -8.085824278515371e-30,
                0.0,
                -8.874685183736383e-30,
                6.508102468073347e-30,
                0.0
            ],
            [
                0.0,
                -2.3314683517128287e-15,
                2.2724877535295226e-15,
                0.0,
                2.6367796834848107e-15,
                0.0,
                0.0,
                -6.902532920683853e-30
            ],
            [
                0.0,
                2.2724877535295226e-15,
                -1.7763568394002505e-15,
                0.0,
                -1.942022931356131e-15,
                0.0,
