[
    {
        "d": 9,
        "eps_d": 0.0,
        "matrix": [
            [
                0.9999999999999991,
                0.0,
                0.0,
                1.6640034719505718e-31,
                0.0,
                3.981282381037294e-30,
                1.4791141972893971e-31,
                0.0
            ],
            [
                0.0,
                -2.1094237467877974e-15,
                3.122502256756337e-17,
                0.0,
                5.611830444784613e-16,
                0.0,
                0.0,
                -4.388038785291878e-30
            ],
            [
                0.0,
                3.122502256756337e-17,
                -8.881784197001252e-16,
                0.0,
                3.4824573780231493e-16,
                0.0,
                0.0,
                1.0107280348144214e-30
            ],
            [
                1.6640034719505718e-31,
                0.0,
                0.0,
                0.0,
                0.0,
                -9.337149109445137e-16,
                1.4398204850605803e-16,
                0.0
            ],
            [
                0.0,
                5.611830444784613e-16,
                3.4824573780231493e-16,
                0.0,
                3.8719027983802334e-15,
                0.0,
                0.0,
                5.546678239835239e-32
            ],
            [
                3.981282381037294e-30,
                0.0,
                0.0,
                -9.337149109445137e-16,
                0.0,
                -1.3877787807814457e-17,
                -7.210681711785811e-31,
                0.0
            ],
            [
                1.4791141972893971e-31,
                0.0,
                0.0,
                1.4398204850605803e-16,
                0.0,
                -7.210681711785811e-31,
                0.0,
                0.0
            ],
            [
                0.0,
                -4.388038785291878e-30,
                1.0107280348144214e-30,
                0.0,
                5.546678239835239e-32,
                0.0,
                0.0,
                0.0
            ]
        ]
    },
    {
        "d": 9,
        "eps_d": 0.1,
        "matrix": [
            [
                1.000000000000002,
                0.0,
                0.0,
                4.092215945833999e-30,
                0.0,
                2.465190328815662e-32,
                -4.671535673105679e-30,
                0.0
            ],
            [
                0.0,
                -2.886579864025407e-15,
                -1.1596626436905084e-15,
                0.0,
                5.689893001204071e-16,
                0.0,
                0.0,
                -4.696187576393836e-30
            ],
            [
                0.0,
                -1.1596626436905084e-15,
                3.524958103184872e-15,
                0.0,
                8.283304597789698e-16,
                0.0,
                0.0,
                0.0
            ],
            [
                4.092215945833999e-30,
                0.0,
                0.0,
                -2.7755575615628914e-17,
                0.0,
                4.917941054394092e-16,
                1.2229800505635566e-16,
                0.0
            ],
            [
                0.0,
                5.689893001204071e-16,
                8.283304597789698e-16,
                0.0,
                -2.5951463200613034e-15,
                0.0,
                0.0,
                4.930380657631324e-32
            ],
            [
                2.465190328815662e-32,
                0.0,
                0.0,
                4.917941054394092e-16,
                0.0,
                -2.7755575615628914e-17,
                4.092215945833999e-30,
                0.0
            ],
            [
                -4.671535673105679e-30,
                0.0,
                0.0,
                1.2229800505635566e-16,
                0.0,
                4.092215945833999e-30,
                2.7755575615628914e-17,
                0.0
            ],
            [
                0.0,
                -4.696187576393836e-30,
                0.0,
                0.0,
                4.930380657631324e-32,
                0.0,
                0.0,
                2.7755575615628914e-17
            ]
        ]
    },
    {
        "d": 9,
        "eps_d": 0.2,
        "matrix": [
            [
                1.0000000000000067,
                0.0,
                0.0,
                1.9721522630525295e-30,
                0.0,
                0.0,
                2.070759876205156e-30,
                0.0
            ],
            [
                0.0,
                -2.248201624865942e-15,
                1.1180292802670052e-15,
                0.0,
                -1.3387728425851403e-15,
                0.0,
                0.0,
                -1.2818989709841442e-30
            ],
            [
                0.0,
                1.1180292802670052e-15,
                -4.551914400963142e-15,
                0.0,
                -5.685556192513752e-16,
                0.0,
                0.0,
                0.0
            ],
            [
                1.9721522630525295e-30,
                0.0,
                0.0,
                0.0,
                0.0,
                3.62123525610144e-16,
                3.165870343658659e-17,
                0.0
            ],
            [
                0.0,
                -1.3387728425851403e-15,
                -5.685556192513752e-16,
                0.0,
                -5.551115123125783e-17,
                0.0,
                0.0,
                -1.9721522630525295e-30
            ],
            [
                0.0,
                0.0,
                0.0,
                3.62123525610144e-16,
                0.0,
                -2.7755575615628914e-17,
                -1.9721522630525295e-30,
                0.0
            ],
            [
                2.070759876205156e-30,
                0.0,
                0.0,
                3.165870343658659e-17,
                0.0,
                -1.9721522630525295e-30,
                0.0,
                0.0
            ],
            [
                0.0,
                -1.2818989709841442e-30,
                0.0,
                0.0,
                -1.9721522630525295e-30,
                0.0,
                0.0,
                0.0
            ]
        ]
    },
    {
        "d": 9,
        "eps_d": 0.3,
        "matrix": [
            [
                1.0000000000000038,
                0.0,
                0.0,
                2.9582283945787943e-31,
                0.0,
                1.873544649899903e-30,
                0.0,
                0.0
            ],
            [
                0.0,
                -1.0130785099704553e-15,
                8.326672684690834e-17,
                0.0,
                -5.316927453869084e-16,
                0.0,
                0.0,
                0.0
            ],
            [
                0.0,
                8.326672684690834e-17,
                -3.635980405647388e-15,
                0.0,
                1.4528309111306548e-16,
                0.0,
                0.0,
                2.711709361697228e-31
            ],
            [
                2.9582283945787943e-31,
                0.0,
                0.0,
                0.0,
                0.0,
                -2.181414771040862e-16,
                -7.979727989494084e-17,
                0.0
            ],
            [
                0.0,
                -5.316927453869084e-16,
                1.4528309111306548e-16,
                0.0,
                9.159339953157541e-16,
                0.0,
                0.0,
                0.0
            ],
            [
                1.873544649899903e-30,
                0.0,
                0.0,
                -2.181414771040862e-16,
                0.0,
                -5.551115123125783e-17,
                2.9582283945787943e-31,
                0.0
            ],
            [
                0.0,
                0.0,
                0.0,
                -7.979727989494084e-17,
                0.0,
                2.9582283945787943e-31,
                -2.7755575615628914e-17,
                0.0
            ],
            [
                0.0,
                0.0,
                2.711709361697228e-31,
                0.0,
                0.0,
                0.0,
                0.0,
                0.0
            ]
        ]
    },
    {
        "d": 9,
        "eps_d": 0.4,
        "matrix": [
            [
                0.9999999999999917,
                0.0,
                0.0,
                0.0,
                0.0,
                1.3065508742723008e-30,
                -4.930380657631324e-31,
                0.0
            ],
            [
                0.0,
                4.107825191113079e-15,
                -1.1622647289044164e-16,
                0.0,
                6.873841773557818e-16,
                0.0,
                0.0,
                -5.127595883936577e-30
            ],
            [
                0.0,
                -1.1622647289044164e-16,
                8.881784197001252e-16,
                0.0,
                -1.4536982728685586e-15,
                0.0,
                0.0,
                -1.3312027775604574e-30
            ],
            [
                0.0,
                0.0,
                0.0,
                0.0,
                0.0,
                -1.3270634591223477e-16,
                -6.72205346940993e-17,
                0.0
            ],
            [
                0.0,
                6.873841773557818e-16,
                -1.4536982728685586e-15,
                0.0,
                3.3584246494910985e-15,
                0.0,
                0.0,
                6.162975822039155e-33
            ],
            [
                1.3065508742723008e-30,
                0.0,
                0.0,
                -1.3270634591223477e-16,
                0.0,
                0.0,
                4.067564042545842e-31,
                0.0
            ],
            [
                -4.930380657631324e-31,
                0.0,
                0.0,
                -6.72205346940993e-17,
                0.0,
                4.067564042545842e-31,
                0.0,
                0.0
            ],
            [
                0.0,
                -5.127595883936577e-30,
                -1.3312027775604574e-30,
                0.0,
                6.162975822039155e-33,
                0.0,
                0.0,
                0.0
            ]
        ]
    },
    {
        "d": 9,
        "eps_d": 0.5,
        "matrix": [
            [
                1.0000000000000042,
                0.0,
                0.0,
                -2.514494135391975e-30,
                0.0,
                -6.964162678904245e-31,
                -2.8349688781380112e-30,
                0.0
            ],
            [
                0.0,
                -4.191091917959966e-15,
                1.4129322711831275e-15,
                0.0,
                8.543513119185837e-17,
                0.0,
                0.0,
                2.8349688781380112e-30
            ],
            [
                0.0,
                1.4129322711831275e-15,
                -3.1225022567582528e-15,
                0.0,
                -7.832276494035612e-16,
                0.0,
                0.0,
                -1.6640034719505718e-31
            ],
            [
                -2.514494135391975e-30,
                0.0,
                0.0,
                0.0,
                0.0,
                1.6479873021783242e-17,
                1.6089560239684373e-16,
                0.0
            ],
            [
                0.0,
                8.543513119185837e-17,
                -7.832276494035612e-16,
                0.0,
                3.191891195797325e-15,
                0.0,
                0.0,
                -2.5637979419682884e-30
            ],
            [
                -6.964162678904245e-31,
                0.0,
                0.0,
                1.6479873021783242e-17,
                0.0,
                -2.7755575615628914e-17,
                2.514494135391975e-30,
                0.0
            ],
            [
                -2.8349688781380112e-30,
                0.0,
                0.0,
                1.6089560239684373e-16,
                0.0,
                2.514494135391975e-30,
                2.7755575615628914e-17,
                0.0
            ],
            [
                0.0,
                2.8349688781380112e-30,
                -1.6640034719505718e-31,
                0.0,
                -2.5637979419682884e-30,
                0.0,
                0.0,
                0.0
            ]
        ]
    },
    {
        "d": 9,
        "eps_d": 0.6,
        "matrix": [
            [
                0.9999999999999915,
                0.0,
                0.0,
                -5.867152982581275e-30,
                0.0,
                1.5284180038657104e-30,
                -1.553069907153867e-30,
                0.0
            ],
            [
                0.0,
                -3.566591466608315e-15,
                1.0963452368173922e-15,
                0.0,
                -4.3021142204223435e-16,
                0.0,
                0.0,
                -2.8349688781380112e-30
            ],
            [
                0.0,
                1.0963452368173922e-15,
                5.051514762044462e-15,
                0.0,
                1.3205582460870483e-16,
                0.0,
                0.0,
                -7.888609052210118e-31
            ],
            [
                -5.867152982581275e-30,
                0.0,
                0.0,
                0.0,
                0.0,
                4.881078180529602e-16,
                2.1684043449711114e-16,
                0.0
            ],
            [
                0.0,
                -4.3021142204223435e-16,
                1.3205582460870483e-16,
                0.0,
                7.049916206369744e-15,
                0.0,
                0.0,
                -1.873544649899903e-30
            ],
            [
                1.5284180038657104e-30,
                0.0,
                0.0,
                4.881078180529602e-16,
                0.0,
                -1.3877787807814457e-17,
                5.867152982581275e-30,
                0.0
            ],
            [
                -1.553069907153867e-30,
                0.0,
                0.0,
                2.1684043449711114e-16,
                0.0,
                5.867152982581275e-30,
                0.0,
                0.0
            ],
            [
                0.0,
                -2.8349688781380112e-30,
                -7.888609052210118e-31,
                0.0,
                -1.873544649899903e-30,
                0.0,
                0.0,
                0.0
            ]
        ]
    },
    {
        "d": 9,
        "eps_d": 0.7,
        "matrix": [
            [
                1.000000000000001,
                0.0,
                0.0,
                2.2186712959340957e-30,
                0.0,
                -1.7256332301709633e-30,
                0.0,
                0.0
            ],
            [
                0.0,
                -4.093947403305265e-15,
                -6.284035791725821e-16,
                0.0,
                4.750973919831796e-16,
                0.0,
                0.0,
                0.0
            ],
            [
                0.0,
                -6.284035791725821e-16,
                -1.5404344466674047e-15,
                0.0,
                -1.5217861693006694e-15,
                0.0,
                0.0,
                8.874685183736383e-31
            ],
            [
                2.2186712959340957e-30,
                0.0,
                0.0,
                -2.7755575615628914e-17,
                0.0,
                -3.113828639378574e-16,
                -2.448128505472388e-16,
                0.0
            ],
            [
                0.0,
                4.750973919831796e-16,
                -1.5217861693006694e-15,
                0.0,
                4.3576253716537394e-15,
                0.0,
                0.0,
                2.2186712959340957e-30
            ],
            [
                -1.7256332301709633e-30,
                0.0,
                0.0,
                -3.113828639378574e-16,
                0.0,
                0.0,
                -2.2186712959340957e-30,
                0.0
            ],
            [
                0.0,
                0.0,
                0.0,
                -2.448128505472388e-16,
                0.0,
                -2.2186712959340957e-30,
                -2.7755575615628914e-17,
                0.0
            ],
            [
                0.0,
                0.0,
                8.874685183736383e-31,
                0.0,
                2.2186712959340957e-30,
                0.0,
                0.0,
                2.7755575615628914e-17
            ]
        ]
    },
    {
        "d": 9,
        "eps_d": 0.8,
        "matrix": [
            [
                0.9999999999999979,
                0.0,
                0.0,
                -1.590047762086102e-30,
                0.0,
                -1.0477058897466563e-30,
                -3.303355040612987e-30,
                0.0
            ],
            [
                0.0,
                -2.9976021664879227e-15,
                2.983724378680765e-16,
                0.0,
                -4.666406150377401e-16,
                0.0,
                0.0,
                3.254051234036674e-30
            ],
            [
                0.0,
                2.983724378680765e-16,
                6.13398221105399e-15,
                0.0,
                -8.701806636368834e-16,
                0.0,
                0.0,
                1.0477058897466563e-30
            ],
            [
                -1.590047762086102e-30,
                0.0,
                0.0,
                0.0,
                0.0,
                5.572799166578545e-17,
                -1.7477339020464049e-16,
                0.0
            ],
            [
                0.0,
                -4.666406150377401e-16,
                -8.701806636368834e-16,
                0.0,
                -9.71445146547012e-16,
                0.0,
                0.0,
                -5.300159206953673e-31
            ],
            [
                -1.0477058897466563e-30,
                0.0,
                0.0,
                5.572799166578545e-17,
                0.0,
                0.0,
                -1.590047762086102e-30,
                0.0
            ],
            [
                -3.303355040612987e-30,
                0.0,
                0.0,
                -1.7477339020464049e-16,
                0.0,
                -1.590047762086102e-30,
                0.0,
                0.0
            ],
            [
                0.0,
                3.254051234036674e-30,
                1.0477058897466563e-30,
                0.0,
                -5.300159206953673e-31,
                0.0,
                0.0,
                0.0
            ]
        ]
    },
    {
        "d": 9,
        "eps_d": 0.9,
        "matrix": [
            [
                1.000000000000002,
                0.0,
                0.0,
                2.3172789090867222e-30,
                0.0,
                3.4512664603419266e-30,
                1.6023737137301802e-30,
                0.0
            ],
            [
                0.0,
                3.1086244689504383e-15,
                -1.291935308733675e-15,
                0.0,
                -2.077981883785728e-15,
                0.0,
                0.0,
                -1.553069907153867e-30
            ],
            [
                0.0,
                -1.291935308733675e-15,
                -1.1102230246251565e-15,
                0.0,
                9.096456227153078e-16,
                0.0,
                0.0,
                -3.4512664603419266e-30
            ],
            [
                2.3172789090867222e-30,
                0.0,
                0.0,
                0.0,
                0.0,
                3.4911309954019314e-17,
                -1.2034644114589346e-16,
                0.0
            ],
            [
                0.0,
                -2.077981883785728e-15,
                9.096456227153078e-16,
                0.0,
                -3.9968028886505635e-15,
                0.0,
                0.0,
                -2.3172789090867222e-30
            ],
            [
                3.4512664603419266e-30,
                0.0,
                0.0,
                3.4911309954019314e-17,
                0.0,
                0.0,
                6.85322911410754e-30,
                0.0
            ],
            [
                1.6023737137301802e-30,
                0.0,
                0.0,
                -1.2034644114589346e-16,
                0.0,
                6.85322911410754e-30,
                0.0,
                0.0
            ],
            [
                0.0,
                -1.553069907153867e-30,
                -3.4512664603419266e-30,
                0.0,
                -2.3172789090867222e-30,
                0.0,
                0.0,
                0.0
            ]
        ]
    },
    {
        "d": 9,
        "eps_d": 1.0,
        "matrix": [
            [
                1.0000000000000058,
                0.0,
                0.0,
                -1.3805065841367707e-30,
                0.0,
                2.785665071561698e-30,
                -4.930380657631324e-31,
                0.0
            ],
            [
                0.0,
                -4.884981308350689e-15,
                -7.890823411349337e-16,
                0.0,
                -3.45643652588372e-16,
                0.0,
                0.0,
                -4.930380657631324e-31
            ],
            [
                0.0,
                -7.890823411349337e-16,
                2.6645352591003757e-15,
                0.0,
                -4.8290364762503e-16,
                0.0,
                0.0,
                3.5252221702063965e-30
            ],
            [
                -1.3805065841367707e-30,
                0.0,
                0.0,
                0.0,
                0.0,
                7.580741590018688e-16,
                -5.460042140636623e-16,
                0.0
            ],
            [
                0.0,
                -3.45643652588372e-16,
                -4.8290364762503e-16,
                0.0,
                -3.469446951953614e-15,
                0.0,
                0.0,
                -1.3805065841367707e-30
            ],
            [
                2.785665071561698e-30,
                0.0,
                0.0,
                7.580741590018688e-16,
                0.0,
                0.0,
                -1.3805065841367707e-30,
                0.0
            ],
            [
                -4.930380657631324e-31,
                0.0,
                0.0,
                -5.460042140636623e-16,
                0.0,
                -1.3805065841367707e-30,
                0.0,
                0.0
            ],
            [
                0.0,
                -4.930380657631324e-31,
                3.5252221702063965e-30,
                0.0,
                -1.3805065841367707e-30,
                0.0,
                0.0,
                0.0
            ]
        ]
    },
    {
        "d": 9,
        "eps_d": 1.1,
        "matrix": [
            [
                1.0000000000000089,
                0.0,
                0.0,
                -5.9164567891575885e-30,
                0.0,
                1.1848321017870275e-30,
                9.367723249499515e-31,
                0.0
            ],
            [
                0.0,
                3.0531133177191805e-16,
                -1.6679366221517361e-15,
                0.0,
                3.8944542035683293e-16,
                0.0,
                0.0,
                9.367723249499515e-31
            ],
            [
                0.0,
                -1.6679366221517361e-15,
                -1.970645868709653e-15,
                0.0,
                -4.602438222201617e-16,
                0.0,
                0.0,
                1.4282696467575741e-30
            ],
            [
                -5.9164567891575885e-30,
                0.0,
                0.0,
                -2.7755575615628914e-17,
                0.0,
                7.156818540576809e-16,
                3.534499082302986e-16,
                0.0
            ],
            [
                0.0,
                3.8944542035683293e-16,
                -4.602438222201617e-16,
                0.0,
                -7.244205235679146e-15,
                0.0,
                0.0,
                0.0
            ],
            [
                1.1848321017870275e-30,
                0.0,
                0.0,
                7.156818540576809e-16,
                0.0,
                -2.7755575615628914e-17,
                1.1832913578315177e-29,
                0.0
            ],
            [
                9.367723249499515e-31,
                0.0,
                0.0,
                3.534499082302986e-16,
                0.0,
                1.1832913578315177e-29,
                2.7755575615628914e-17,
                0.0
            ],
            [
                0.0,
                9.367723249499515e-31,
                1.4282696467575741e-30,
                0.0,
                0.0,
                0.0,
                0.0,
                -2.7755575615628914e-17
            ]
        ]
    },
    {
        "d": 9,
        "eps_d": 1.2,
        "matrix": [
            [
                0.9999999999999996,
                0.0,
                0.0,
                0.0,
                0.0,
                -6.625199008692091e-32,
                -5.32481111024183e-30,
                0.0
            ],
            [
                0.0,
                -5.88418203051333e-15,
                9.649399335130973e-17,
                0.0,
                1.0343288725501484e-16,
                0.0,
                0.0,
                5.32481111024183e-30
            ],
            [
                0.0,
                9.649399335130973e-17,
                5.35682609381638e-15,
                0.0,
                -2.798474884983899e-15,
                0.0,
                0.0,
                6.625199008692091e-32
            ],
            [
                0.0,
                0.0,
                0.0,
                0.0,
                0.0,
                2.4859400562380343e-16,
                1.4203048459561752e-16,
                0.0
            ],
            [
                0.0,
                1.0343288725501484e-16,
                -2.798474884983899e-15,
                0.0,
                9.159339953157541e-16,
                0.0,
                0.0,
                -3.0814879110195774e-33
            ],
            [
                -6.625199008692091e-32,
                0.0,
                0.0,
                2.4859400562380343e-16,
                0.0,
                0.0,
                6.840903162463462e-31,
                0.0
            ],
            [
                -5.32481111024183e-30,
                0.0,
                0.0,
                1.4203048459561752e-16,
                0.0,
                6.840903162463462e-31,
                0.0,
                0.0
            ],
            [
                0.0,
                5.32481111024183e-30,
                6.625199008692091e-32,
                0.0,
                -3.0814879110195774e-33,
                0.0,
                0.0,
                0.0
            ]
        ]
    },
    {
        "d": 9,
        "eps_d": 1.3,
        "matrix": [
            [
                0.9999999999999828,
                0.0,
                0.0,
                5.5220263365470826e-30,
                0.0,
                -2.9335764912906377e-30,
                3.0814879110195774e-31,
                0.0
            ],
            [
                0.0,
                5.065392549852277e-15,
                1.5395128748208125e-15,
                0.0,
                -1.1916466077788376e-15,
                0.0,
                0.0,
                -3.0814879110195774e-31
            ],
            [
                0.0,
                1.5395128748208125e-15,
                -9.020562075079397e-16,
                0.0,
                -5.918117558512467e-16,
                0.0,
                0.0,
                -2.982880297866951e-30
            ],
            [
                5.5220263365470826e-30,
                0.0,
                0.0,
                0.0,
                0.0,
                -7.596191470976638e-16,
                -4.812773443663196e-16,
                0.0
            ],
            [
                0.0,
                -1.1916466077788376e-15,
                -5.918117558512467e-16,
                0.0,
                1.3086753902769033e-14,
                0.0,
                0.0,
                0.0
            ],
            [
                -2.9335764912906377e-30,
                0.0,
                0.0,
                -7.596191470976638e-16,
                0.0,
                1.3877787807814457e-17,
                2.1890890119883078e-29,
                0.0
            ],
            [
                3.0814879110195774e-31,
                0.0,
                0.0,
                -4.812773443663196e-16,
                0.0,
                2.1890890119883078e-29,
                1.3877787807814457e-17,
                0.0
            ],
            [
                0.0,
                -3.0814879110195774e-31,
                -2.982880297866951e-30,
                0.0,
                0.0,
                0.0,
                0.0,
                0.0
            ]
        ]
    },
    {
        "d": 9,
        "eps_d": 1.4,
        "matrix": [
            [
                0.9999999999999879,
                0.0,
                0.0,
                -6.409494854920721e-30,
                0.0,
                2.588449845256445e-31,
                -1.873544649899903e-30,
                0.0
            ],
            [
                0.0,
                5.800915303666443e-15,
                -1.8082323832713306e-15,
                0.0,
                -1.4788517632697715e-16,
                0.0,
                0.0,
                1.3805065841367707e-30
            ],
            [
                0.0,
                -1.8082323832713306e-15,
                5.134781488891349e-15,
                0.0,
                -5.220162409974332e-16,
                0.0,
                0.0,
                2.588449845256445e-31
            ],
            [
                -6.409494854920721e-30,
                0.0,
                0.0,
                0.0,
                0.0,
                3.88117272695466e-16,
                2.886146183156073e-16,
                0.0
            ],
            [
                0.0,
                -1.4788517632697715e-16,
                -5.220162409974332e-16,
                0.0,
                1.1796119636642288e-15,
                0.0,
                0.0,
                -9.860761315262648e-32
            ],
            [
                2.588449845256445e-31,
                0.0,
                0.0,
                3.88117272695466e-16,
                0.0,
                -1.3877787807814457e-17,
                -6.409494854920721e-30,
                0.0
            ],
            [
                -1.873544649899903e-30,
                0.0,
                0.0,
                2.886146183156073e-16,
                0.0,
                -6.409494854920721e-30,
                1.3877787807814457e-17,
                0.0
            ],
            [
                0.0,
                1.3805065841367707e-30,
                2.588449845256445e-31,
                0.0,
                -9.860761315262648e-32,
                0.0,
                0.0,
                0.0
            ]
        ]
    },
    {
        "d": 9,
        "eps_d": 1.5000000000000002,
        "matrix": [
            [
                0.9999999999999966,
                0.0,
                0.0,
                0.0,
                0.0,
                0.0,
                1.0107280348144214e-30,
                0.0
            ],
            [
                0.0,
                2.2343238370581275e-15,
                1.4034997122825754e-15,
                0.0,
                9.486769009247645e-17,
                0.0,
                0.0,
                -1.0107280348144214e-30
            ],
            [
                0.0,
                1.4034997122825754e-15,
                3.2335245592207684e-15,
                0.0,
                -6.253136029810316e-16,
                0.0,
                0.0,
                1.232595164407831e-32
            ],
            [
                0.0,
                0.0,
                0.0,
                0.0,
                0.0,
                -6.532318089225369e-17,
                4.587259391786333e-16,
                0.0
            ],
            [
                0.0,
                9.486769009247645e-17,
                -6.253136029810316e-16,
                0.0,
                -2.1649348980190553e-15,
                0.0,
                0.0,
                0.0
            ],
            [
                0.0,
                0.0,
                0.0,
                -6.532318089225369e-17,
                0.0,
                0.0,
                -4.930380657631324e-30,
                0.0
            ],
            [
                1.0107280348144214e-30,
                0.0,
                0.0,
                4.587259391786333e-16,
                0.0,
                -4.930380657631324e-30,
                0.0,
                0.0
            ],
            [
                0.0,
                -1.0107280348144214e-30,
                1.232595164407831e-32,
                0.0,
                0.0,
                0.0,
                0.0,
                0.0
            ]
        ]
    },
    {
        "d": 9,
        "eps_d": 1.6,
        "matrix": [
            [
                0.9999999999999861,
                0.0,
                0.0,
                0.0,
                0.0,
                -3.821045009664276e-31,
                -1.1339875512552045e-30,
                0.0
            ],
            [
                0.0,
                2.220446049250313e-16,
                -1.792186191118505e-15,
                0.0,
                2.7609208322345007e-16,
                0.0,
                0.0,
                1.4791141972893971e-30
            ],
            [
                0.0,
                -1.792186191118505e-15,
                1.1657341758564144e-15,
                0.0,
                3.123586458930392e-16,
                0.0,
                0.0,
                3.697785493223493e-31
            ],
            [
                0.0,
                0.0,
                0.0,
                0.0,
                0.0,
                -4.173094161896924e-16,
                6.738316501998371e-17,
                0.0
            ],
            [
                0.0,
                2.7609208322345007e-16,
                3.123586458930392e-16,
                0.0,
                1.2587153541687712e-14,
                0.0,
                0.0,
                -9.860761315262648e-32
            ],
            [
                -3.821045009664276e-31,
                0.0,
                0.0,
                -4.173094161896924e-16,
                0.0,
                0.0,
                -2.544076419337763e-29,
                0.0
            ],
            [
                -1.1339875512552045e-30,
                0.0,
                0.0,
                6.738316501998371e-17,
                0.0,
                -2.544076419337763e-29,
                0.0,
                0.0
            ],
            [
                0.0,
                1.4791141972893971e-30,
                3.697785493223493e-31,
                0.0,
                -9.860761315262648e-32,
                0.0,
                0.0,
                0.0
            ]
        ]
    },
    {
        "d": 9,
        "eps_d": 1.7,
        "matrix": [
            [
                1.0000000000000027,
                0.0,
                0.0,
                1.5185572425504477e-29,
                0.0,
                0.0,
                -5.5220263365470826e-30,
                0.0
            ],
            [
                0.0,
                -3.9968028886505635e-15,
                4.299945816077622e-15,
                0.0,
                -3.5984128003707145e-15,
                0.0,
                0.0,
                5.5220263365470826e-30
            ],
            [
                0.0,
                4.299945816077622e-15,
                -2.345346139520643e-15,
                0.0,
                3.5256086244883085e-15,
                0.0,
                0.0,
                -1.2818989709841442e-29
            ],
            [
                1.5185572425504477e-29,
                0.0,
                0.0,
                0.0,
                0.0,
                4.4170396507057124e-16,
                -2.1304572689335626e-17,
                0.0
            ],
            [
                0.0,
                -3.5984128003707145e-15,
                3.5256086244883085e-15,
                0.0,
                3.469446951953614e-15,
                0.0,
                0.0,
                3.944304526105059e-31
            ],
            [
                0.0,
                0.0,
                0.0,
                4.4170396507057124e-16,
                0.0,
                -8.326672684688674e-17,
                3.056836007731421e-29,
                0.0
            ],
            [
                -5.5220263365470826e-30,
                0.0,
                0.0,
                -2.1304572689335626e-17,
                0.0,
                3.056836007731421e-29,
                2.7755575615628914e-17,
                0.0
            ],
            [
                0.0,
                5.5220263365470826e-30,
                -1.2818989709841442e-29,
                0.0,
                3.944304526105059e-31,
                0.0,
                0.0,
                0.0
            ]
        ]
    },
    {
        "d": 9,
        "eps_d": 1.8,
        "matrix": [
            [
                1.0000000000000295,
                0.0,
                0.0,
                3.549874073494553e-30,
                0.0,
                -3.944304526105059e-31,
                8.628166150854817e-31,
                0.0
            ],
            [
                0.0,
                -9.020562075079397e-15,
                2.0122792321331006e-15,
                0.0,
                1.0739022518485107e-16,
                0.0,
                0.0,
                -8.628166150854817e-31
            ],
            [
                0.0,
                2.0122792321331006e-15,
                -3.6914915568786455e-15,
                0.0,
                1.6381210624082333e-15,
                0.0,
                0.0,
                1.4298103907130839e-30
            ],
            [
                3.549874073494553e-30,
                0.0,
                0.0,
                0.0,
                0.0,
                1.1387375417614573e-15,
