[
    {
        "d": 1,
        "eps_d": 0.0,
        "matrix": [
            [
                0.1618298586591506,
                0.0,
                0.0,
                0.0,
                0.0,
                6.938893903907228e-18,
                0.0,
                0.0
            ],
            [
                0.0,
                0.20714738109787076,
                -0.22177571506796684,
                0.0,
                0.1679433000415005,
                0.0,
                0.0,
                0.0
            ],
            [
                0.0,
                -0.22177571506796684,
                0.2640059444577507,
                0.0,
                -0.22177571506796412,
                0.0,
                0.0,
                0.0
            ],
            [
                0.0,
                0.0,
                0.0,
                0.034009003285229274,
                0.0,
                -0.05372626029521946,
                0.029947738268173582,
                0.0
            ],
            [
                0.0,
                0.1679433000415005,
                -0.22177571506796412,
                0.0,
                0.20714738109787287,
                0.0,
                0.0,
                0.0
            ],
            [
                6.938893903907228e-18,
                0.0,
                0.0,
                -0.05372626029521946,
                0.0,
                0.09086756664510354,
                -0.05372626029521747,
                0.0
            ],
            [
                0.0,
                0.0,
                0.0,
                0.029947738268173582,
                0.0,
                -0.05372626029521747,
                0.034009003285229884,
                0.0
            ],
            [
                0.0,
                0.0,
                0.0,
                0.0,
                0.0,
                0.0,
                0.0,
                0.0009838614717923438
            ]
        ]
    },
    {
        "d": 1,
        "eps_d": 0.1,
        "matrix": [
            [
                0.13413712090894403,
                0.0,
                0.0,
                0.0,
                0.0,
                6.938893903907228e-18,
                6.938893903907228e-18,
                0.0
            ],
            [
                0.0,
                0.20379121541958906,
                -0.22148669351088113,
                0.0,
                0.16494813109717799,
                0.0,
                0.0,
                0.0
            ],
            [
                0.0,
                -0.22148669351088113,
                0.26780860578070986,
                0.0,
                -0.22148669351086517,
                0.0,
                0.0,
                0.0
            ],
            [
                0.0,
                0.0,
                0.0,
                0.04115703268481316,
                0.0,
                -0.06413755009825997,
                0.03639429826754944,
                0.0
            ],
            [
                0.0,
                0.16494813109717799,
                -0.22148669351086517,
                0.0,
                0.2037912154195719,
                0.0,
                0.0,
                0.0
            ],
            [
                6.938893903907228e-18,
                0.0,
                0.0,
                -0.06413755009825997,
                0.0,
                0.10677859665305794,
                -0.06413755009825875,
                0.0
            ],
            [
                6.938893903907228e-18,
                0.0,
                0.0,
                0.03639429826754944,
                0.0,
                -0.06413755009825875,
                0.041157032684816325,
                0.0
            ],
            [
                0.0,
                0.0,
                0.0,
                0.0,
                0.0,
                0.0,
                0.0,
                0.0013791804484977813
            ]
        ]
    },
    {
        "d": 1,
        "eps_d": 0.2,
        "matrix": [
            [
                0.11122732309925562,
                0.0,
                0.0,
                0.0,
                0.0,
                -3.469446951953614e-18,
                0.0,
                0.0
            ],
            [
                0.0,
                0.19824948649748406,
                -0.2179065169689377,
                0.0,
                0.15949179050364903,
                0.0,
                0.0,
                0.0
            ],
            [
                0.0,
                -0.2179065169689377,
                0.2671594621397388,
                0.0,
                -0.21790651696894164,
                0.0,
                0.0,
                0.0
            ],
            [
                0.0,
                0.0,
                0.0,
                0.04927724494207578,
                0.0,
                -0.07593057447064372,
                0.04381575529357151,
                0.0
            ],
            [
                0.0,
                0.15949179050364903,
                -0.21790651696894164,
                0.0,
                0.19824948649749016,
                0.0,
                0.0,
                0.0
            ],
            [
                -3.469446951953614e-18,
                0.0,
                0.0,
                -0.07593057447064372,
                0.0,
                0.12465666953150153,
                -0.07593057447064205,
                0.0
            ],
            [
                0.0,
                0.0,
                0.0,
                0.04381575529357151,
                0.0,
                -0.07593057447064205,
                0.049277244942074104,
                0.0
            ],
            [
                0.0,
                0.0,
                0.0,
                0.0,
                0.0,
                0.0,
                0.0,
                0.0019030823503799407
            ]
        ]
    },
    {
        "d": 1,
        "eps_d": 0.30000000000000004,
        "matrix": [
            [
                0.09214717580592705,
                0.0,
                0.0,
                0.0,
                0.0,
                -6.938893903907228e-18,
                -6.938893903907228e-18,
                0.0
            ],
            [
                0.0,
                0.19078946420877815,
                -0.21140297488331025,
                0.0,
                0.15194750235481674,
                0.0,
                0.0,
                0.0
            ],
            [
                0.0,
                -0.21140297488331025,
                0.2624423991472329,
                0.0,
                -0.21140297488330978,
                0.0,
                0.0,
                0.0
            ],
            [
                0.0,
                0.0,
                0.0,
                0.05838515269078748,
                0.0,
                -0.08911077539181259,
                0.05223980751427287,
                0.0
            ],
            [
                0.0,
                0.15194750235481674,
                -0.21140297488330978,
                0.0,
                0.19078946420877765,
                0.0,
                0.0,
                0.0
            ],
            [
                -6.938893903907228e-18,
                0.0,
                0.0,
                -0.08911077539181259,
                0.0,
                0.14447079972633967,
                -0.08911077539181203,
                0.0
            ],
            [
                -6.938893903907228e-18,
                0.0,
                0.0,
                0.05223980751427287,
                0.0,
                -0.08911077539181203,
                0.058385152690788616,
                0.0
            ],
            [
                0.0,
                0.0,
                0.0,
                0.0,
                0.0,
                0.0,
                0.0,
                0.0025903915213685152
            ]
        ]
    },
    {
        "d": 1,
        "eps_d": 0.4,
        "matrix": [
            [
                0.07548975802461652,
                0.0,
                0.0,
                0.0,
                0.0,
                3.469446951953614e-18,
                6.938893903907228e-18,
                0.0
            ],
            [
                0.0,
                0.18120646695778603,
                -0.2019490498425899,
                0.0,
                0.14224981617784907,
                0.0,
                0.0,
                -6.938893903907228e-18
            ],
            [
                0.0,
                -0.2019490498425899,
                0.25377903129093515,
                0.0,
                -0.20194904984258755,
                0.0,
                0.0,
                0.0
            ],
            [
                0.0,
                0.0,
                0.0,
                0.06892303077959755,
                0.0,
                -0.1042162382808548,
                0.06204018007143504,
                0.0
            ],
            [
                0.0,
                0.14224981617784907,
                -0.20194904984258755,
                0.0,
                0.1812064669577827,
                0.0,
                0.0,
                -1.3877787807814457e-17
            ],
            [
                3.469446951953614e-18,
                0.0,
                0.0,
                -0.1042162382808548,
                0.0,
                0.1669203054086077,
                -0.10421623828085688,
                0.0
            ],
            [
                6.938893903907228e-18,
                0.0,
                0.0,
                0.06204018007143504,
                0.0,
                -0.10421623828085688,
                0.06892303077959985,
                0.0
            ],
            [
                0.0,
                -6.938893903907228e-18,
                0.0,
                0.0,
                -1.3877787807814457e-17,
                0.0,
                0.0,
                0.003551909801074428
            ]
        ]
    },
    {
        "d": 1,
        "eps_d": 0.5,
        "matrix": [
            [
                0.062215903769800476,
                0.0,
                0.0,
                0.0,
                0.0,
                -3.469446951953614e-18,
                0.0,
                0.0
            ],
            [
                0.0,
                0.17077215866689532,
                -0.19088262430910738,
                0.0,
                0.13177243359000887,
                0.0,
                0.0,
                0.0
            ],
            [
                0.0,
                -0.19088262430910738,
                0.24241040331705382,
                0.0,
                -0.1908826243091108,
                0.0,
                0.0,
                3.469446951953614e-18
            ],
            [
                0.0,
                0.0,
                0.0,
                0.07973478313500967,
                0.0,
                -0.11965380905747695,
                0.07221895396928657,
                0.0
            ],
            [
                0.0,
                0.13177243359000887,
                -0.1908826243091108,
                0.0,
                0.17077215866689938,
                0.0,
                0.0,
                0.0
            ],
            [
                -3.469446951953614e-18,
                0.0,
                0.0,
                -0.11965380905747695,
                0.0,
                0.18964854975305606,
                -0.11965380905747483,
                0.0
            ],
            [
                0.0,
                0.0,
                0.0,
                0.07221895396928657,
                0.0,
                -0.11965380905747483,
                0.07973478313500727,
                0.0
            ],
            [
                0.0,
                0.0,
                3.469446951953614e-18,
                0.0,
                0.0,
                0.0,
                0.0,
                0.004711259556278047
            ]
        ]
    },
    {
        "d": 1,
        "eps_d": 0.6000000000000001,
        "matrix": [
            [
                0.05111080087600679,
                0.0,
                0.0,
                0.0,
                0.0,
                -1.734723475976807e-18,
                8.673617379884035e-18,
                0.0
            ],
            [
                0.0,
                0.15944167925412997,
                -0.1784097035990215,
                0.0,
                0.12058057668979201,
                0.0,
                0.0,
                -8.673617379884035e-18
            ],
            [
                0.0,
                -0.1784097035990215,
                0.22882144296052861,
                0.0,
                -0.17840970359901995,
                0.0,
                0.0,
                1.734723475976807e-18
            ],
            [
                0.0,
                0.0,
                0.0,
                0.09105028089815106,
                0.0,
                -0.13565034535175116,
                0.08292964920276115,
                0.0
            ],
            [
                0.0,
                0.12058057668979201,
                -0.17840970359901995,
                0.0,
                0.15944167925412941,
                0.0,
                0.0,
                0.0
            ],
            [
                -1.734723475976807e-18,
                0.0,
                0.0,
                -0.13565034535175116,
                0.0,
                0.212909471618995,
                -0.13565034535175027,
                0.0
            ],
            [
                8.673617379884035e-18,
                0.0,
                0.0,
                0.08292964920276115,
                0.0,
                -0.13565034535175027,
                0.09105028089815097,
                0.0
            ],
            [
                0.0,
                -8.673617379884035e-18,
                1.734723475976807e-18,
                0.0,
                0.0,
                0.0,
                0.0,
                0.00617436423990818
            ]
        ]
    },
    {
        "d": 1,
        "eps_d": 0.7000000000000001,
        "matrix": [
            [
                0.041863311467752386,
                0.0,
                0.0,
                0.0,
                0.0,
                -2.168404344971009e-18,
                4.336808689942018e-19,
                0.0
            ],
            [
                0.0,
                0.14762986615872428,
                -0.16513583645792035,
                0.0,
                0.10916781680329875,
                0.0,
                0.0,
                -4.336808689942018e-19
            ],
            [
                0.0,
                -0.16513583645792035,
                0.21380337096471017,
                0.0,
                -0.16513583645792912,
                0.0,
                0.0,
                2.168404344971009e-18
            ],
            [
                0.0,
                0.0,
                0.0,
                0.1025699689441841,
                0.0,
                -0.1517190702194769,
                0.09386255199333556,
                0.0
            ],
            [
                0.0,
                0.10916781680329875,
                -0.16513583645792912,
                0.0,
                0.14762986615873816,
                0.0,
                0.0,
                0.0
            ],
            [
                -2.168404344971009e-18,
                0.0,
                0.0,
                -0.1517190702194769,
                0.0,
                0.2359336805941619,
                -0.1517190702194678,
                0.0
            ],
            [
                4.336808689942018e-19,
                0.0,
                0.0,
                0.09386255199333556,
                0.0,
                -0.1517190702194678,
                0.10256996894417411,
                0.0
            ],
            [
                0.0,
                -4.336808689942018e-19,
                2.168404344971009e-18,
                0.0,
                0.0,
                0.0,
                0.0,
                0.00799996676755491
            ]
        ]
    },
    {
        "d": 1,
        "eps_d": 0.8,
        "matrix": [
            [
                0.03420968611368906,
                0.0,
                0.0,
                0.0,
                0.0,
                2.168404344971009e-18,
                0.0,
                0.0
            ],
            [
                0.0,
                0.13573301223425926,
                -0.15163164633085371,
                0.0,
                0.09797270611443827,
                0.0,
                0.0,
                0.0
            ],
            [
                0.0,
                -0.15163164633085371,
                0.19812220512815004,
                0.0,
                -0.15163164633084686,
                0.0,
                0.0,
                -2.168404344971009e-18
            ],
            [
                0.0,
                0.0,
                0.0,
                0.11399015795036103,
                0.0,
                -0.1673694802073299,
                0.1046951316459533,
                0.0
            ],
            [
                0.0,
                0.09797270611443827,
                -0.15163164633084686,
                0.0,
                0.1357330122342496,
                0.0,
                0.0,
                0.0
            ],
            [
                2.168404344971009e-18,
                0.0,
                0.0,
                -0.1673694802073299,
                0.0,
                0.25796201220525966,
                -0.1673694802073352,
                0.0
            ],
            [
                0.0,
                0.0,
                0.0,
                0.1046951316459533,
                0.0,
                -0.1673694802073352,
                0.11399015795036722,
                0.0
            ],
            [
                0.0,
                0.0,
                -2.168404344971009e-18,
                0.0,
                0.0,
                0.0,
                0.0,
                0.010259756183664103
            ]
        ]
    },
    {
        "d": 1,
        "eps_d": 0.9,
        "matrix": [
            [
                0.027913734474506957,
                0.0,
                0.0,
                0.0,
                0.0,
                0.0,
                -6.938893903907228e-18,
                0.0
            ],
            [
                0.0,
                0.12408462729032396,
                -0.13837285218202966,
                0.0,
                0.08733543877415921,
                0.0,
                0.0,
                6.938893903907228e-18
            ],
            [
                0.0,
                -0.13837285218202966,
                0.18243646331535077,
                0.0,
                -0.13837285218202275,
                0.0,
                0.0,
                0.0
            ],
            [
                0.0,
                0.0,
                0.0,
                0.12504648336636923,
                0.0,
                -0.18217161286676622,
                0.1151360686572465,
                0.0
            ],
            [
                0.0,
                0.08733543877415921,
                -0.13837285218202275,
                0.0,
                0.12408462729031391,
                0.0,
                0.0,
                0.0
            ],
            [
                0.0,
                0.0,
                0.0,
                -0.18217161286676622,
                0.0,
                0.27834025114044875,
                -0.18217161286677402,
                0.0
            ],
            [
                -6.938893903907228e-18,
                0.0,
                0.0,
                0.1151360686572465,
                0.0,
                -0.18217161286677402,
                0.1250464833663786,
                0.0
            ],
            [
                0.0,
                6.938893903907228e-18,
                0.0,
                0.0,
                0.0,
                0.0,
                0.0,
                0.013047329756307834
            ]
        ]
    },
    {
        "d": 1,
        "eps_d": 1.0,
        "matrix": [
            [
                0.022759666800960022,
                0.0,
                0.0,
                0.0,
                0.0,
                0.0,
                6.938893903907228e-18,
                0.0
            ],
            [
                0.0,
                0.11292820479806312,
                -0.12570603843087097,
                0.0,
                0.07747927093446508,
                0.0,
                0.0,
                -6.938893903907228e-18
            ],
            [
                0.0,
                -0.12570603843087097,
                0.16724656997140172,
                0.0,
                -0.1257060384308722,
                0.0,
                0.0,
                0.0
            ],
            [
                0.0,
                0.0,
                0.0,
                0.1355400689517154,
                0.0,
                -0.1957913128325272,
                0.1249519957906238,
                0.0
            ],
            [
                0.0,
                0.07747927093446508,
                -0.1257060384308722,
                0.0,
                0.11292820479806487,
                0.0,
                0.0,
                0.0
            ],
            [
                0.0,
                0.0,
                0.0,
                -0.1957913128325272,
                0.0,
                0.29656594155817384,
                -0.19579131283252527,
                0.0
            ],
            [
                6.938893903907228e-18,
                0.0,
                0.0,
                0.1249519957906238,
                0.0,
                -0.19579131283252527,
                0.13554006895171317,
                0.0
            ],
            [
                0.0,
                -6.938893903907228e-18,
                0.0,
                0.0,
                0.0,
                0.0,
                0.0,
                0.01649127416990793
            ]
        ]
    },
    {
        "d": 1,
        "eps_d": 1.1,
        "matrix": [
            [
                0.01855217127868958,
                0.0,
                0.0,
                0.0,
                0.0,
                0.0,
                3.469446951953614e-18,
                0.0
            ],
            [
                0.0,
                0.10241127443642349,
                -0.11384443991901366,
                0.0,
                0.0685167844821866,
                0.0,
                0.0,
                -3.469446951953614e-18
            ],
            [
                0.0,
                -0.11384443991901366,
                0.15288338240493848,
                0.0,
                -0.11384443991901154,
                0.0,
                0.0,
                0.0
            ],
            [
                0.0,
                0.0,
                0.0,
                0.14534285455116558,
                0.0,
                -0.20799178528568635,
                0.13397239061617358,
                0.0
            ],
            [
                0.0,
                0.0685167844821866,
                -0.11384443991901154,
                0.0,
                0.10241127443642052,
                0.0,
                0.0,
                0.0
            ],
            [
                0.0,
                0.0,
                0.0,
                -0.20799178528568635,
                0.0,
                0.312282551130205,
                -0.20799178528568812,
                0.0
            ],
            [
                3.469446951953614e-18,
                0.0,
                0.0,
                0.13397239061617358,
                0.0,
                -0.20799178528568812,
                0.14534285455116835,
                0.0
            ],
            [
                0.0,
                -3.469446951953614e-18,
                0.0,
                0.0,
                0.0,
                0.0,
                0.0,
                0.020773637210988915
            ]
        ]
    },
    {
        "d": 1,
        "eps_d": 1.2000000000000002,
        "matrix": [
            [
                0.015118606253146635,
                0.0,
                0.0,
                1.3877787807814457e-17,
                0.0,
                0.0,
                3.469446951953614e-18,
                0.0
            ],
            [
                0.0,
                0.0925953244624024,
                -0.10288511833087256,
                0.0,
                0.06047150018108673,
                0.0,
                0.0,
                -3.469446951953614e-18
            ],
            [
                0.0,
                -0.10288511833087256,
                0.13952605081929467,
                0.0,
                -0.10288511833087273,
                0.0,
                0.0,
                6.938893903907228e-18
            ],
            [
                1.3877787807814457e-17,
                0.0,
                0.0,
                0.1543867426355208,
                0.0,
                -0.21860900449969037,
                0.14207645404650243,
                0.0
            ],
            [
                0.0,
                0.06047150018108673,
                -0.10288511833087273,
                0.0,
                0.09259532446240373,
                0.0,
                0.0,
                -1.3877787807814457e-17
            ],
            [
                0.0,
                0.0,
                0.0,
                -0.21860900449969037,
                0.0,
                0.3252344624771766,
                -0.21860900449968862,
                0.0
            ],
            [
                3.469446951953614e-18,
                0.0,
                0.0,
                0.14207645404650243,
                0.0,
                -0.21860900449968862,
                0.1543867426355189,
                0.0
            ],
            [
                0.0,
                -3.469446951953614e-18,
                6.938893903907228e-18,
                0.0,
                -1.3877787807814457e-17,
                0.0,
                0.0,
                0.026156746254536324
            ]
        ]
    },
    {
        "d": 1,
        "eps_d": 1.3,
        "matrix": [
            [
                0.012310291203815691,
                0.0,
                0.0,
                1.3877787807814457e-17,
                0.0,
                0.0,
                6.938893903907228e-18,
                0.0
            ],
            [
                0.0,
                0.083472778540255,
                -0.09283496619669114,
                0.0,
                0.05330383668164177,
                0.0,
                0.0,
                -1.3877787807814457e-17
            ],
            [
                0.0,
                -0.09283496619669114,
                0.12723334525731242,
                0.0,
                -0.09283496619669508,
                0.0,
                0.0,
                -6.938893903907228e-18
            ],
            [
                1.3877787807814457e-17,
                0.0,
                0.0,
                0.16264358573726545,
                0.0,
                -0.22751149028598328,
                0.14916832285147363,
                0.0
            ],
            [
                0.0,
                0.05330383668164177,
                -0.09283496619669508,
                0.0,
                0.08347277854025961,
                0.0,
                0.0,
                0.0
            ],
            [
                0.0,
                0.0,
                0.0,
                -0.22751149028598328,
                0.0,
                0.3351996865003974,
                -0.2275114902859786,
                0.0
            ],
            [
                6.938893903907228e-18,
                0.0,
                0.0,
                0.14916832285147363,
                0.0,
                -0.2275114902859786,
                0.1626435857372599,
                0.0
            ],
            [
                0.0,
                -1.3877787807814457e-17,
                -6.938893903907228e-18,
                0.0,
                0.0,
                0.0,
                0.0,
                0.03302394848343452
            ]
        ]
    },
    {
        "d": 1,
        "eps_d": 1.4000000000000001,
        "matrix": [
            [
                0.010001977935210085,
                0.0,
                0.0,
                0.0,
                0.0,
                0.0,
                0.0,
                0.0
            ],
            [
                0.0,
                0.07498375255973966,
                -0.08363560473568743,
                0.0,
                0.04693383800658493,
                0.0,
                0.0,
                6.938893903907228e-18
            ],
            [
                0.0,
                -0.08363560473568743,
                0.11597522798640397,
                0.0,
                -0.08363560473568779,
                0.0,
                0.0,
                3.469446951953614e-18
            ],
            [
                0.0,
                0.0,
                0.0,
                0.17010069707297076,
                0.0,
                -0.2345507640222727,
                0.15514449506540698,
                0.0
            ],
            [
                0.0,
                0.04693383800658493,
                -0.08363560473568779,
                0.0,
                0.07498375255974066,
                0.0,
                0.0,
                0.0
            ],
            [
                0.0,
                0.0,
                0.0,
                -0.2345507640222727,
                0.0,
                0.34191017217436614,
                -0.2345507640222711,
                0.0
            ],
            [
                0.0,
                0.0,
                0.0,
                0.15514449506540698,
                0.0,
                -0.2345507640222711,
                0.1701006970729692,
                0.0
            ],
            [
                0.0,
                6.938893903907228e-18,
                3.469446951953614e-18,
                0.0,
                0.0,
                0.0,
                0.0,
                0.041943722638599516
            ]
        ]
    },
    {
        "d": 1,
        "eps_d": 1.5,
        "matrix": [
            [
                0.00808982470493027,
                0.0,
                0.0,
                -1.3877787807814457e-17,
                0.0,
                0.0,
                0.0,
                0.0
            ],
            [
                0.0,
                0.06702855518073761,
                -0.07518174061624748,
                0.0,
                0.04125728135029874,
                0.0,
                0.0,
                -6.938893903907228e-18
            ],
            [
                0.0,
                -0.07518174061624748,
                0.10565685363819391,
                0.0,
                -0.07518174061624608,
                0.0,
                0.0,
                -3.469446951953614e-18
            ],
            [
                -1.3877787807814457e-17,
                0.0,
                0.0,
                0.17673215111207838,
                0.0,
                -0.23950200345990075,
                0.15985260893999256,
                0.0
            ],
            [
                0.0,
                0.04125728135029874,
                -0.07518174061624608,
                0.0,
                0.0670285551807378,
                0.0,
                0.0,
                0.0
            ],
            [
                0.0,
                0.0,
                0.0,
                -0.23950200345990075,
                0.0,
                0.34495975462837614,
                -0.2395020034599022,
                0.0
            ],
            [
                0.0,
                0.0,
                0.0,
                0.15985260893999256,
                0.0,
                -0.2395020034599022,
                0.17673215111208015,
                0.0
            ],
            [
                0.0,
                -6.938893903907228e-18,
                -3.469446951953614e-18,
                0.0,
                0.0,
                0.0,
                0.0,
                0.05377215444286571
            ]
        ]
    },
    {
        "d": 1,
        "eps_d": 1.6,
        "matrix": [
            [
                0.0064886687798147505,
                0.0,
                0.0,
                0.0,
                0.0,
                0.0,
                0.0,
                0.0
            ],
            [
                0.0,
                0.0594749726406315,
                -0.06733119171012766,
                0.0,
                0.0361546907989677,
                0.0,
                0.0,
                -6.938893903907228e-18
            ],
            [
                0.0,
                -0.06733119171012766,
                0.09613150421112984,
                0.0,
                -0.06733119171012872,
                0.0,
                0.0,
                6.938893903907228e-18
            ],
            [
                0.0,
                0.0,
                0.0,
                0.18246103259833688,
                0.0,
                -0.24198836782975147,
                0.16303568608769975,
                0.0
            ],
            [
                0.0,
                0.0361546907989677,
                -0.06733119171012872,
                0.0,
                0.05947497264063329,
                0.0,
                0.0,
                0.0
            ],
            [
                0.0,
                0.0,
                0.0,
                -0.24198836782975147,
                0.0,
                0.3436931024700159,
                -0.24198836782974914,
                0.0
            ],
            [
                0.0,
                0.0,
                0.0,
                0.16303568608769975,
                0.0,
                -0.24198836782974914,
                0.18246103259833532,
                0.0
            ],
            [
                0.0,
                -6.938893903907228e-18,
                6.938893903907228e-18,
                0.0,
                0.0,
                0.0,
                0.0,
                0.06981471406110243
            ]
        ]
    },
    {
        "d": 1,
        "eps_d": 1.7000000000000002,
        "matrix": [
            [
                0.00512955835918355,
                0.0,
                0.0,
                1.3877787807814457e-17,
                0.0,
                0.0,
                0.0,
                0.0
            ],
            [
                0.0,
                0.052162737381423935,
                -0.05990767402485821,
                0.0,
                0.031494597263502094,
                0.0,
                0.0,
                0.0
            ],
            [
                0.0,
                -0.05990767402485821,
                0.08720173947985346,
                0.0,
                -0.05990767402485506,
                0.0,
                0.0,
                0.0
            ],
            [
                1.3877787807814457e-17,
                0.0,
                0.0,
                0.1871022730258727,
                0.0,
                -0.24138144342728635,
                0.16425307647881587,
                0.0
            ],
            [
                0.0,
                0.031494597263502094,
                -0.05990767402485506,
                0.0,
                0.05216273738142241,
                0.0,
                0.0,
                0.0
            ],
            [
                0.0,
                0.0,
                0.0,
                -0.24138144342728635,
                0.0,
                0.3370741481549374,
                -0.24138144342728823,
                0.0
            ],
            [
                0.0,
                0.0,
                0.0,
                0.16425307647881587,
                0.0,
                -0.24138144342728823,
                0.18710227302587887,
                0.0
            ],
            [
                0.0,
                0.0,
                0.0,
                0.0,
                0.0,
                0.0,
                0.0,
                0.09206453319142757
            ]
        ]
    },
    {
        "d": 1,
        "eps_d": 1.8,
        "matrix": [
            [
                0.003958832069565314,
                0.0,
                0.0,
                0.0,
                0.0,
                0.0,
                -6.938893903907228e-18,
                0.0
            ],
            [
                0.0,
                0.04491431712805296,
                -0.052702578344583945,
                0.0,
                0.027135012580392484,
                0.0,
                0.0,
                0.0
            ],
            [
                0.0,
                -0.052702578344583945,
                0.07861236164211269,
                0.0,
                -0.0527025783445878,
                0.0,
                0.0,
                -6.938893903907228e-18
            ],
            [
                0.0,
                0.0,
                0.0,
                0.19027298040830404,
                0.0,
                -0.23668980506630577,
                0.16277890314885185,
                0.0
            ],
            [
                0.0,
                0.027135012580392484,
                -0.0527025783445878,
                0.0,
                0.044914317128053625,
                0.0,
                0.0,
                0.0
            ],
            [
                0.0,
                0.0,
                0.0,
                -0.23668980506630577,
                0.0,
                0.32357699261598233,
                -0.23668980506630952,
                0.0
            ],
            [
                -6.938893903907228e-18,
                0.0,
                0.0,
                0.16277890314885185,
                0.0,
                -0.23668980506630952,
                0.19027298040830373,
                0.0
            ],
            [
                0.0,
                0.0,
                -6.938893903907228e-18,
                0.0,
                0.0,
                0.0,
                0.0,
                0.12347721859962532
            ]
        ]
    },
    {
        "d": 1,
        "eps_d": 1.9000000000000001,
        "matrix": [
            [
                0.002940679360199691,
                0.0,
                0.0,
                -1.3877787807814457e-17,
                0.0,
                0.0,
                0.0,
                0.0
            ],
            [
                0.0,
                0.037576896323630884,
                -0.04549646972958847,
                0.0,
                0.02293453897247541,
                0.0,
                0.0,
                0.0
            ],
            [
                0.0,
                -0.04549646972958847,
