[
    {
        "d": 3,
        "eps_d": 0.0,
        "matrix": [
            [
                0.2967303240634295,
                0.0,
                0.0,
                6.938893903907228e-18,
                0.0,
                -6.938893903907228e-18,
                3.469446951953614e-18,
                0.0
            ],
            [
                0.0,
                0.14814814815612765,
                -0.10387683850650581,
                0.0,
                0.07442536431669393,
                0.0,
                0.0,
                0.0
            ],
            [
                0.0,
                -0.10387683850650581,
                0.14814814814814672,
                0.0,
                -0.10387683850650359,
                0.0,
                0.0,
                -3.469446951953614e-18
            ],
            [
                6.938893903907228e-18,
                0.0,
                0.0,
                0.07396556713229026,
                0.0,
                -0.05147954300178355,
                0.03678431851440517,
                0.0
            ],
            [
                0.0,
                0.07442536431669393,
                -0.10387683850650359,
                0.0,
                0.1481481481561288,
                0.0,
                0.0,
                0.0
            ],
            [
                -6.938893903907228e-18,
                0.0,
                0.0,
                -0.05147954300178355,
                0.0,
                0.07396556712431188,
                -0.051479543001779565,
                0.0
            ],
            [
                3.469446951953614e-18,
                0.0,
                0.0,
                0.03678431851440517,
                0.0,
                -0.051479543001779565,
                0.07396556713229083,
                0.0
            ],
            [
                0.0,
                0.0,
                -3.469446951953614e-18,
                0.0,
                0.0,
                0.0,
                0.0,
                0.03692853008727439
            ]
        ],
        "huber_measure": 0.2129686654344986,
        "chen_measure": 0.11388888781818597
    },
    {
        "d": 3,
        "eps_d": 0.1,
        "matrix": [
            [
                0.28355193083263025,
                0.0,
                0.0,
                0.0,
                0.0,
                1.214306433183765e-17,
                0.0,
                0.0
            ],
            [
                0.0,
                0.14795915196379317,
                -0.10328858081828345,
                0.0,
                0.07435626989746469,
                0.0,
                0.0,
                0.0
            ],
            [
                0.0,
                -0.10328858081828345,
                0.14828526295173616,
                0.0,
                -0.1032885808182811,
                0.0,
                0.0,
                1.734723475976807e-18
            ],
            [
                0.0,
                0.0,
                0.0,
                0.07735200739170872,
                0.0,
                -0.05329470781325587,
                0.03765911925704184,
                0.0
            ],
            [
                0.0,
                0.07435626989746469,
                -0.1032885808182811,
                0.0,
                0.14795915196379433,
                0.0,
                0.0,
                0.0
            ],
            [
                1.214306433183765e-17,
                0.0,
                0.0,
                -0.05329470781325587,
                0.0,
                0.07719552381751543,
                -0.05329470781325314,
                0.0
            ],
            [
                0.0,
                0.0,
                0.0,
                0.03765911925704184,
                0.0,
                -0.05329470781325314,
                0.0773520073917093,
                0.0
            ],
            [
                0.0,
                0.0,
                1.734723475976807e-18,
                0.0,
                0.0,
                0.0,
                0.0,
                0.040344963687112656
            ]
        ],
        "huber_measure": 0.21489586034777067,
        "chen_measure": 0.11409139412882777
    },
    {
        "d": 3,
        "eps_d": 0.2,
        "matrix": [
            [
                0.2705902094953254,
                0.0,
                0.0,
                6.938893903907228e-18,
                0.0,
                0.0,
                -3.469446951953614e-18,
                0.0
            ],
            [
                0.0,
                0.14759599811964075,
                -0.10255243164988792,
                0.0,
                0.07410834937448535,
                0.0,
                0.0,
                3.469446951953614e-18
            ],
            [
                0.0,
                -0.10255243164988792,
                0.14826280665211722,
                0.0,
                -0.10255243164988988,
                0.0,
                0.0,
                0.0
            ],
            [
                6.938893903907228e-18,
                0.0,
                0.0,
                0.08076319443670724,
                0.0,
                -0.055084408431416446,
                0.038464416104368,
                0.0
            ],
            [
                0.0,
                0.07410834937448535,
                -0.10255243164988988,
                0.0,
                0.14759599811963797,
                0.0,
                0.0,
                -6.938893903907228e-18
            ],
            [
                0.0,
                0.0,
                0.0,
                -0.055084408431416446,
                0.0,
                0.0804585354916324,
                -0.05508440843142027,
                0.0
            ],
            [
                -3.469446951953614e-18,
                0.0,
                0.0,
                0.038464416104368,
                0.0,
                -0.05508440843142027,
                0.08076319443670577,
                0.0
            ],
            [
                0.0,
                3.469446951953614e-18,
                0.0,
                0.0,
                -6.938893903907228e-18,
                0.0,
                0.0,
                0.043970063248233236
            ]
        ],
        "huber_measure": 0.21639788659299852,
        "chen_measure": 0.114202937345464
    },
    {
        "d": 3,
        "eps_d": 0.30000000000000004,
        "matrix": [
            [
                0.2579026687743031,
                0.0,
                0.0,
                0.0,
                0.0,
                -8.673617379884035e-18,
                1.734723475976807e-18,
                0.0
            ],
            [
                0.0,
                0.14706069994708895,
                -0.10167319854167277,
                0.0,
                0.07368454791297349,
                0.0,
                0.0,
                -1.734723475976807e-18
            ],
            [
                0.0,
                -0.10167319854167277,
                0.14807852795170456,
                0.0,
                -0.10167319854167306,
                0.0,
                0.0,
                -5.204170427930421e-18
            ],
            [
                0.0,
                0.0,
                0.0,
                0.08418052847555343,
                0.0,
                -0.056838049895641986,
                0.03919390395553501,
                0.0
            ],
            [
                0.0,
                0.07368454791297349,
                -0.10167319854167306,
                0.0,
                0.14706069994708934,
                0.0,
                0.0,
                0.0
            ],
            [
                -8.673617379884035e-18,
                0.0,
                0.0,
                -0.056838049895641986,
                0.0,
                0.08373831109971297,
                -0.05683804989564263,
                0.0
            ],
            [
                1.734723475976807e-18,
                0.0,
                0.0,
                0.03919390395553501,
                0.0,
                -0.05683804989564263,
                0.08418052847555366,
                0.0
            ],
            [
                0.0,
                -1.734723475976807e-18,
                -5.204170427930421e-18,
                0.0,
                0.0,
                0.0,
                0.0,
                0.04779803532899404
            ]
        ],
        "huber_measure": 0.21742822181861454,
        "chen_measure": 0.11411533470607059
    },
    {
        "d": 3,
        "eps_d": 0.4,
        "matrix": [
            [
                0.2455408942412344,
                0.0,
                0.0,
                0.0,
                0.0,
                -5.204170427930421e-18,
                -1.734723475976807e-18,
                0.0
            ],
            [
                0.0,
                0.1463574958985303,
                -0.10065762924570684,
                0.0,
                0.07309105008118899,
                0.0,
                0.0,
                1.734723475976807e-18
            ],
            [
                0.0,
                -0.10065762924570684,
                0.14773219771944648,
                0.0,
                -0.10065762924570895,
                0.0,
                0.0,
                -8.673617379884035e-18
            ],
            [
                0.0,
                0.0,
                0.0,
                0.08758579538289203,
                0.0,
                -0.05854581928401333,
                0.03984280005786812,
                0.0
            ],
            [
                0.0,
                0.07309105008118899,
                -0.10065762924570895,
                0.0,
                0.14635749589853073,
                0.0,
                0.0,
                0.0
            ],
            [
                -5.204170427930421e-18,
                0.0,
                0.0,
                -0.05854581928401333,
                0.0,
                0.08701873246888522,
                -0.05854581928400868,
                0.0
            ],
            [
                -1.734723475976807e-18,
                0.0,
                0.0,
                0.03984280005786812,
                0.0,
                -0.05854581928400868,
                0.08758579538289228,
                0.0
            ],
            [
                0.0,
                1.734723475976807e-18,
                -8.673617379884035e-18,
                0.0,
                0.0,
                0.0,
                0.0,
                0.05182159300758847
            ]
        ],
        "huber_measure": 0.21801767407577372,
        "chen_measure": 0.11394733693000808
    },
    {
        "d": 3,
        "eps_d": 0.5,
        "matrix": [
            [
                0.23354906393458855,
                0.0,
                0.0,
                0.0,
                0.0,
                -6.938893903907228e-18,
                8.673617379884035e-18,
                0.0
            ],
            [
                0.0,
                0.14549259959127303,
                -0.09951408423589048,
                0.0,
                0.072336883617565,
                0.0,
                0.0,
                5.204170427930421e-18
            ],
            [
                0.0,
                -0.09951408423589048,
                0.14722550890441063,
                0.0,
                -0.09951408423588996,
                0.0,
                0.0,
                -3.469446951953614e-18
            ],
            [
                0.0,
                0.0,
                0.0,
                0.09096172369677182,
                0.0,
                -0.060198944485558056,
                0.04040791495659368,
                0.0
            ],
            [
                0.0,
                0.072336883617565,
                -0.09951408423588996,
                0.0,
                0.145492599591271,
                0.0,
                0.0,
                0.0
            ],
            [
                -6.938893903907228e-18,
                0.0,
                0.0,
                -0.060198944485558056,
                0.0,
                0.09028436280734255,
                -0.060198944485557515,
                0.0
            ],
            [
                8.673617379884035e-18,
                0.0,
                0.0,
                0.04040791495659368,
                0.0,
                -0.060198944485557515,
                0.0909617236967707,
                0.0
            ],
            [
                0.0,
                5.204170427930421e-18,
                -3.469446951953614e-18,
                0.0,
                0.0,
                0.0,
                0.0,
                0.0560324177775717
            ]
        ],
        "huber_measure": 0.2181492211590922,
        "chen_measure": 0.11359724449780023
    },
    {
        "d": 3,
        "eps_d": 0.6000000000000001,
        "matrix": [
            [
                0.22196301686043868,
                0.0,
                0.0,
                6.938893903907228e-18,
                0.0,
                -7.806255641895632e-18,
                1.734723475976807e-18,
                0.0
            ],
            [
                0.0,
                0.14447386888819808,
                -0.09825215449066596,
                0.0,
                0.07143339166548258,
                0.0,
                0.0,
                -1.734723475976807e-18
            ],
            [
                0.0,
                -0.09825215449066596,
                0.14656189208587878,
                0.0,
                -0.09825215449066307,
                0.0,
                0.0,
                -6.071532165918825e-18
            ],
            [
                6.938893903907228e-18,
                0.0,
                0.0,
                0.09429243243907125,
                0.0,
                -0.061789869563424395,
                0.04088762496752547,
                0.0
            ],
            [
                0.0,
                0.07143339166548258,
                -0.09825215449066307,
                0.0,
                0.1444738688881964,
                0.0,
                0.0,
                -6.938893903907228e-18
            ],
            [
                -7.806255641895632e-18,
                0.0,
                0.0,
                -0.061789869563424395,
                0.0,
                0.09352086406779787,
                -0.06178986956342527,
                0.0
            ],
            [
                1.734723475976807e-18,
                0.0,
                0.0,
                0.04088762496752547,
                0.0,
                -0.06178986956342527,
                0.09429243243907028,
                0.0
            ],
            [
                0.0,
                -1.734723475976807e-18,
                -6.071532165918825e-18,
                0.0,
                -6.938893903907228e-18,
                0.0,
                0.0,
                0.06042162433134865
            ]
        ],
        "huber_measure": 0.21782349674345386,
        "chen_measure": 0.11335650410201348
    },
    {
        "d": 3,
        "eps_d": 0.7,
        "matrix": [
            [
                0.21080989174234907,
                0.0,
                0.0,
                0.0,
                0.0,
                -2.6020852139652106e-18,
                1.734723475976807e-18,
                0.0
            ],
            [
                0.0,
                0.14331043017307318,
                -0.09688226262510584,
                0.0,
                0.07039363393272319,
                0.0,
                0.0,
                -1.734723475976807e-18
            ],
            [
                0.0,
                -0.09688226262510584,
                0.145746272263342,
                0.0,
                -0.09688226262510576,
                0.0,
                0.0,
                2.6020852139652106e-18
            ],
            [
                0.0,
                0.0,
                0.0,
                0.09756374578671652,
                0.0,
                -0.06331234241089863,
                0.04128176082747612,
                0.0
            ],
            [
                0.0,
                0.07039363393272319,
                -0.09688226262510576,
                0.0,
                0.1433104301730719,
                0.0,
                0.0,
                0.0
            ],
            [
                -2.6020852139652106e-18,
                0.0,
                0.0,
                -0.06331234241089863,
                0.0,
                0.0967152984360894,
                -0.06331234241089696,
                0.0
            ],
            [
                1.734723475976807e-18,
                0.0,
                0.0,
                0.04128176082747612,
                0.0,
                -0.06331234241089696,
                0.0975637457867158,
                0.0
            ],
            [
                0.0,
                -1.734723475976807e-18,
                2.6020852139652106e-18,
                0.0,
                0.0,
                0.0,
                0.0,
                0.06498018563864207
            ]
        ],
        "huber_measure": 0.2170921843895588,
        "chen_measure": 0.11274948603232858
    },
    {
        "d": 3,
        "eps_d": 0.8,
        "matrix": [
            [
                0.20010828458546287,
                0.0,
                0.0,
                0.0,
                0.0,
                -1.734723475976807e-18,
                3.469446951953614e-18,
                0.0
            ],
            [
                0.0,
                0.14201229352678169,
                -0.09541528127100007,
                0.0,
                0.06923177629681047,
                0.0,
                0.0,
                -3.469446951953614e-18
            ],
            [
                0.0,
                -0.09541528127100007,
                0.14478479459733026,
                0.0,
                -0.09541528127100665,
                0.0,
                0.0,
                1.734723475976807e-18
            ],
            [
                0.0,
                0.0,
                0.0,
                0.10076336978997398,
                0.0,
                -0.06476142119192027,
                0.04159143459607828,
                0.0
            ],
            [
                0.0,
                0.06923177629681047,
                -0.09541528127100665,
                0.0,
                0.14201229352678407,
                0.0,
                0.0,
                0.0
            ],
            [
                -1.734723475976807e-18,
                0.0,
                0.0,
                -0.06476142119192027,
                0.0,
                0.09985630671867651,
                -0.06476142119192582,
                0.0
            ],
            [
                3.469446951953614e-18,
                0.0,
                0.0,
                0.04159143459607828,
                0.0,
                -0.06476142119192582,
                0.10076336978997545,
                0.0
            ],
            [
                0.0,
                -3.469446951953614e-18,
                1.734723475976807e-18,
                0.0,
                0.0,
                0.0,
                0.0,
                0.06969928746501518
            ]
        ],
        "huber_measure": 0.21593975840037694,
        "chen_measure": 0.11236357520522865
    },
    {
        "d": 3,
        "eps_d": 0.8999999999999999,
        "matrix": [
            [
                0.18986882505108518,
                0.0,
                0.0,
                0.0,
                0.0,
                8.673617379884035e-19,
                1.734723475976807e-18,
                0.0
            ],
            [
                0.0,
                0.14058998900853467,
                -0.0938621943063339,
                0.0,
                0.0679625188082163,
                0.0,
                0.0,
                -1.734723475976807e-18
            ],
            [
                0.0,
                -0.0938621943063339,
                0.1436845445477363,
                0.0,
                -0.09386219430633418,
                0.0,
                0.0,
                -8.673617379884035e-19
            ],
            [
                0.0,
                0.0,
                0.0,
                0.1038809425603928,
                0.0,
                -0.06613341385702408,
                0.04181882961687985,
                0.0
            ],
            [
                0.0,
                0.0679625188082163,
                -0.09386219430633418,
                0.0,
                0.14058998900853517,
                0.0,
                0.0,
                0.0
            ],
            [
                8.673617379884035e-19,
                0.0,
                0.0,
                -0.06613341385702408,
                0.0,
                0.1029341716985097,
                -0.06613341385702375,
                0.0
            ],
            [
                1.734723475976807e-18,
                0.0,
                0.0,
                0.04181882961687985,
                0.0,
                -0.06613341385702375,
                0.10388094256039317,
                0.0
            ],
            [
                0.0,
                -1.734723475976807e-18,
                -8.673617379884035e-19,
                0.0,
                0.0,
                0.0,
                0.0,
                0.074570595564813
            ]
        ],
        "huber_measure": 0.21440759261192327,
        "chen_measure": 0.11175894193232531
    },
    {
        "d": 3,
        "eps_d": 1.0,
        "matrix": [
            [
                0.17929656931676377,
                0.0,
                0.0,
                0.0,
                0.0,
                -3.469446951953614e-18,
                -2.6020852139652106e-18,
                0.0
            ],
            [
                0.0,
                0.1389626416519731,
                -0.09220920827121938,
                0.0,
                0.06661136158296736,
                0.0,
                0.0,
                2.6020852139652106e-18
            ],
            [
                0.0,
                -0.09220920827121938,
                0.1423788485851881,
                0.0,
                -0.09220920827122207,
                0.0,
                0.0,
                3.469446951953614e-18
            ],
            [
                0.0,
                0.0,
                0.0,
                0.10713787408509416,
                0.0,
                -0.06759969979588919,
                0.042100682438101986,
                0.0
            ],
            [
                0.0,
                0.06661136158296736,
                -0.09220920827122207,
                0.0,
                0.13896264165197428,
                0.0,
                0.0,
                0.0
            ],
            [
                -3.469446951953614e-18,
                0.0,
                0.0,
                -0.06759969979588919,
                0.0,
                0.10618827476827493,
                -0.06759969979588833,
                0.0
            ],
            [
                -2.6020852139652106e-18,
                0.0,
                0.0,
                0.042100682438101986,
                0.0,
                -0.06759969979588833,
                0.10713787408509497,
                0.0
            ],
            [
                0.0,
                2.6020852139652106e-18,
                3.469446951953614e-18,
                0.0,
                0.0,
                0.0,
                0.0,
                0.07993527585563666
            ]
        ],
        "huber_measure": 0.2127839139111448,
        "chen_measure": 0.11117262998809455
    },
    {
        "d": 3,
        "eps_d": 1.0999999999999999,
        "matrix": [
            [
                0.17004246425147923,
                0.0,
                0.0,
                0.0,
                0.0,
                -3.469446951953614e-18,
                -1.734723475976807e-18,
                0.0
            ],
            [
                0.0,
                0.13732055546937294,
                -0.09052182485631552,
                0.0,
                0.06517729528140442,
                0.0,
                0.0,
                1.734723475976807e-18
            ],
            [
                0.0,
                -0.09052182485631552,
                0.14102200835416917,
                0.0,
                -0.09052182485631546,
                0.0,
                0.0,
                0.0
            ],
            [
                0.0,
                0.0,
                0.0,
                0.11005377730764557,
                0.0,
                -0.0688090546415531,
                0.04217815405146206,
                0.0
            ],
            [
                0.0,
                0.06517729528140442,
                -0.09052182485631546,
                0.0,
                0.13732055546937277,
                0.0,
                0.0,
                0.0
            ],
            [
                -3.469446951953614e-18,
                0.0,
                0.0,
                -0.0688090546415531,
                0.0,
                0.10910406313914142,
                -0.06880905464155371,
                0.0
            ],
            [
                -1.734723475976807e-18,
                0.0,
                0.0,
                0.04217815405146206,
                0.0,
                -0.06880905464155371,
                0.11005377730764546,
                0.0
            ],
            [
                0.0,
                1.734723475976807e-18,
                0.0,
                0.0,
                0.0,
                0.0,
                0.0,
                0.08508279870117347
            ]
        ],
        "huber_measure": 0.21057630135739583,
        "chen_measure": 0.11074588683781571
    },
    {
        "d": 3,
        "eps_d": 1.2000000000000002,
        "matrix": [
            [
                0.16124173359814187,
                0.0,
                0.0,
                0.0,
                0.0,
                -3.469446951953614e-18,
                -8.673617379884035e-19,
                0.0
            ],
            [
                0.0,
                0.13558700018453498,
                -0.08877969159286575,
                0.0,
                0.06367899237881125,
                0.0,
                0.0,
                8.673617379884035e-19
            ],
            [
                0.0,
                -0.08877969159286575,
                0.13955154431284267,
                0.0,
                -0.08877969159286495,
                0.0,
                0.0,
                0.0
            ],
            [
                0.0,
                0.0,
                0.0,
                0.11286744350753046,
                0.0,
                -0.06993676233976945,
                0.04218452778524713,
                0.0
            ],
            [
                0.0,
                0.06367899237881125,
                -0.08877969159286495,
                0.0,
                0.135587000184534,
                0.0,
                0.0,
                0.0
            ],
            [
                -3.469446951953614e-18,
                0.0,
                0.0,
                -0.06993676233976945,
                0.0,
                0.11193678116460411,
                -0.06993676233977125,
                0.0
            ],
            [
                -8.673617379884035e-19,
                0.0,
                0.0,
                0.04218452778524713,
                0.0,
                -0.06993676233977125,
                0.11286744350752981,
                0.0
            ],
            [
                0.0,
                8.673617379884035e-19,
                0.0,
                0.0,
                0.0,
                0.0,
                0.0,
                0.09036105354028222
            ]
        ],
        "huber_measure": 0.20807256493719614,
        "chen_measure": 0.11063430032724536
    },
    {
        "d": 3,
        "eps_d": 1.3,
        "matrix": [
            [
                0.15288266135922535,
                0.0,
                0.0,
                -6.938893903907228e-18,
                0.0,
                8.673617379884035e-19,
                -3.469446951953614e-18,
                0.0
            ],
            [
                0.0,
                0.13377185225267946,
                -0.0869919530142921,
                0.0,
                0.062129115861289774,
                0.0,
                0.0,
                3.469446951953614e-18
            ],
            [
                0.0,
                -0.0869919530142921,
                0.13797588772461578,
                0.0,
                -0.08699195301429266,
                0.0,
                0.0,
                -8.673617379884035e-19
            ],
            [
                -6.938893903907228e-18,
                0.0,
                0.0,
                0.11557521427250475,
                0.0,
                -0.07098286133993392,
                0.04212409752639068,
                0.0
            ],
            [
                0.0,
                0.062129115861289774,
                -0.08699195301429266,
                0.0,
                0.1337718522526803,
                0.0,
                0.0,
                -6.938893903907228e-18
            ],
            [
                8.673617379884035e-19,
                0.0,
                0.0,
                -0.07098286133993392,
                0.0,
                0.11468251119600956,
                -0.07098286133993614,
                0.0
            ],
            [
                -3.469446951953614e-18,
                0.0,
                0.0,
                0.04212409752639068,
                0.0,
                -0.07098286133993614,
                0.11557521427250539,
                0.0
            ],
            [
                0.0,
                3.469446951953614e-18,
                -8.673617379884035e-19,
                0.0,
                -6.938893903907228e-18,
                0.0,
                0.0,
                0.0957648066697794
            ]
        ],
        "huber_measure": 0.20528621573656763,
        "chen_measure": 0.11029520240523683
    },
    {
        "d": 3,
        "eps_d": 1.4,
        "matrix": [
            [
                0.1449507731045873,
                0.0,
                0.0,
                0.0,
                0.0,
                -9.540979117872439e-18,
                1.734723475976807e-18,
                0.0
            ],
            [
                0.0,
                0.13188446637680237,
                -0.08516708153671641,
                0.0,
                0.060539324886041766,
                0.0,
                0.0,
                -1.734723475976807e-18
            ],
            [
                0.0,
                -0.08516708153671641,
                0.13630341554840836,
                0.0,
                -0.08516708153671403,
                0.0,
                0.0,
                -4.336808689942018e-18
            ],
            [
                0.0,
                0.0,
                0.0,
                0.11817455409795431,
                0.0,
                -0.07194793227529221,
                0.042001271335464836,
                0.0
            ],
            [
                0.0,
                0.060539324886041766,
                -0.08516708153671403,
                0.0,
                0.13188446637680237,
                0.0,
                0.0,
                0.0
            ],
            [
                -9.540979117872439e-18,
                0.0,
                0.0,
                -0.07194793227529221,
                0.0,
                0.11733829818491374,
                -0.07194793227529174,
                0.0
            ],
            [
                1.734723475976807e-18,
                0.0,
                0.0,
                0.042001271335464836,
                0.0,
                -0.07194793227529174,
                0.11817455409795428,
                0.0
            ],
            [
                0.0,
                -1.734723475976807e-18,
                -4.336808689942018e-18,
                0.0,
                0.0,
                0.0,
                0.0,
                0.10128947221257721
            ]
        ],
        "huber_measure": 0.2022626155373816,
        "chen_measure": 0.10966794036859047
    },
    {
        "d": 3,
        "eps_d": 1.5,
        "matrix": [
            [
                0.1374296804898271,
                0.0,
                0.0,
                0.0,
                0.0,
                6.938893903907228e-18,
                2.168404344971009e-18,
                0.0
            ],
            [
                0.0,
                0.12993362389381105,
                -0.08331286488511928,
                0.0,
                0.058920217974117464,
                0.0,
                0.0,
                -2.168404344971009e-18
            ],
            [
                0.0,
                -0.08331286488511928,
                0.13454235916035043,
                0.0,
                -0.083312864885121,
                0.0,
                0.0,
                6.938893903907228e-18
            ],
            [
                0.0,
                0.0,
                0.0,
                0.1206638565420928,
                0.0,
                -0.07283297598845369,
                0.041820465015551145,
                0.0
            ],
            [
                0.0,
                0.058920217974117464,
                -0.083312864885121,
                0.0,
                0.12993362389381155,
                0.0,
                0.0,
                0.0
            ],
            [
                6.938893903907228e-18,
                0.0,
                0.0,
                -0.07283297598845369,
                0.0,
                0.11990197931299415,
                -0.07283297598845336,
                0.0
            ],
            [
                2.168404344971009e-18,
                0.0,
                0.0,
                0.041820465015551145,
                0.0,
                -0.07283297598845336,
                0.12066385654209322,
                0.0
            ],
            [
                0.0,
                -2.168404344971009e-18,
                6.938893903907228e-18,
                0.0,
                0.0,
                0.0,
                0.0,
                0.10693102016501974
            ]
        ],
        "huber_measure": 0.199076562414461,
        "chen_measure": 0.10844214060821805
    },
    {
        "d": 3,
        "eps_d": 1.6,
        "matrix": [
            [
                0.13030179079609325,
                0.0,
                0.0,
                0.0,
                0.0,
                1.1275702593849246e-17,
                8.673617379884035e-19,
                0.0
            ],
            [
                0.0,
                0.12792751308271985,
                -0.08143641864969878,
                0.0,
                0.057281326490587,
                0.0,
                0.0,
                -8.673617379884035e-19
            ],
            [
                0.0,
                -0.08143641864969878,
                0.13270073915994482,
                0.0,
                -0.0814364186496995,
                0.0,
                0.0,
                1.6479873021779667e-17
            ],
            [
                0.0,
                0.0,
                0.0,
                0.12304226912357755,
                0.0,
                -0.07363930998874202,
                0.0415860227586134,
                0.0
            ],
            [
                0.0,
                0.057281326490587,
                -0.0814364186496995,
                0.0,
                0.12792751308272002,
                0.0,
                0.0,
                0.0
            ],
            [
                1.1275702593849246e-17,
                0.0,
                0.0,
                -0.07363930998874202,
                0.0,
                0.12237203020500077,
                -0.07363930998874155,
                0.0
            ],
            [
                8.673617379884035e-19,
                0.0,
                0.0,
                0.0415860227586134,
                0.0,
                -0.07363930998874155,
                0.12304226912357764,
                0.0
            ],
            [
                0.0,
                -8.673617379884035e-19,
                1.6479873021779667e-17,
                0.0,
                0.0,
                0.0,
                0.0,
                0.11268587542636604
            ]
        ],
        "huber_measure": 0.19566246600020787,
        "chen_measure": 0.10674357937464507
    },
    {
        "d": 3,
        "eps_d": 1.7,
        "matrix": [
            [
                0.12354888274134737,
                0.0,
                0.0,
                0.0,
                0.0,
                6.5052130349130266e-18,
                -1.691355389077387e-17,
                0.0
            ],
            [
                0.0,
                0.12587373297144042,
                -0.07954421571435615,
                0.0,
                0.055631144374803466,
                0.0,
                0.0,
                -1.0842021724855044e-17
            ],
            [
                0.0,
                -0.07954421571435615,
                0.13078632109136415,
                0.0,
                -0.07954421571435621,
                0.0,
                0.0,
                4.336808689942018e-19
            ],
            [
                0.0,
                0.0,
                0.0,
                0.12530954105939332,
                0.0,
                -0.07436848354174036,
                0.04130216103944607,
                0.0
            ],
            [
                0.0,
                0.055631144374803466,
                -0.07954421571435621,
                0.0,
                0.1258737329714416,
                0.0,
                0.0,
                0.0
            ],
            [
                6.5052130349130266e-18,
                0.0,
                0.0,
                -0.07436848354174036,
                0.0,
                0.12474743177287746,
                -0.07436848354174129,
                0.0
            ],
            [
                -1.691355389077387e-17,
                0.0,
                0.0,
                0.04130216103944607,
                0.0,
                -0.07436848354174129,
                0.12530954105939432,
                0.0
            ],
            [
                0.0,
                -1.0842021724855044e-17,
                4.336808689942018e-19,
                0.0,
                0.0,
                0.0,
                0.0,
                0.11855081633274125
            ]
        ],
        "huber_measure": 0.19205781563583754,
        "chen_measure": 0.10506499324834734
    },
    {
        "d": 3,
        "eps_d": 1.7999999999999998,
