[
    {
        "d": 1,
        "eps_d": 0.0,
        "matrix": [
            [
                0.023678498465625634,
                0.0,
                0.0,
                0.0,
                0.0,
                -2.6684792516547735e-18,
                9.471167806023127e-19,
                0.0
            ],
            [
                0.0,
                0.12499999999999943,
                -0.15915519276352272,
                0.0,
                0.10132150153437819,
                0.0,
                0.0,
                -9.471167806023127e-19
            ],
            [
                0.0,
                -0.15915519276352272,
                0.22632150153437736,
                0.0,
                -0.15915519276352663,
                0.0,
                0.0,
                2.6684792516547735e-18
            ],
            [
                0.0,
                0.0,
                0.0,
                0.12499999999999989,
                0.0,
                -0.15915519276352197,
                0.10132150153437455,
                0.0
            ],
            [
                0.0,
                0.10132150153437819,
                -0.15915519276352663,
                0.0,
                0.12500000000000383,
                0.0,
                0.0,
                0.0
            ],
            [
                -2.6684792516547735e-18,
                0.0,
                0.0,
                -0.15915519276352197,
                0.0,
                0.22632150153437275,
                -0.15915519276351978,
                0.0
            ],
            [
                9.471167806023127e-19,
                0.0,
                0.0,
                0.10132150153437455,
                0.0,
                -0.15915519276351978,
                0.12499999999999682,
                0.0
            ],
            [
                0.0,
                -9.471167806023127e-19,
                2.6684792516547735e-18,
                0.0,
                0.0,
                0.0,
                0.0,
                0.023678498465624233
            ]
        ],
        "huber_measure": 0.40528600613624105,
        "chen_measure": 0.14329023653622933
    },
    {
        "d": 1,
        "eps_d": 0.1,
        "matrix": [
            [
                0.018966066564769436,
                0.0,
                0.0,
                0.0,
                0.0,
                0.0,
                -4.336808689942018e-18,
                0.0
            ],
            [
                0.0,
                0.11360946424897786,
                -0.14557010000538229,
                0.0,
                0.09115132685691626,
                0.0,
                0.0,
                4.336808689942018e-18
            ],
            [
                0.0,
                -0.14557010000538229,
                0.20928064351266965,
                0.0,
                -0.1455701000053809,
                0.0,
                0.0,
                0.0
            ],
            [
                0.0,
                0.0,
                0.0,
                0.1363280974865721,
                0.0,
                -0.172372763479046,
                0.11148572460751385,
                0.0
            ],
            [
                0.0,
                0.09115132685691626,
                -0.1455701000053809,
                0.0,
                0.11360946424897632,
                0.0,
                0.0,
                0.0
            ],
            [
                0.0,
                0.0,
                0.0,
                -0.172372763479046,
                0.0,
                0.24246176525106342,
                -0.17237276347904718,
                0.0
            ],
            [
                -4.336808689942018e-18,
                0.0,
                0.0,
                0.11148572460751385,
                0.0,
                -0.17237276347904718,
                0.13632809748657362,
                0.0
            ],
            [
                0.0,
                4.336808689942018e-18,
                0.0,
                0.0,
                0.0,
                0.0,
                0.0,
                0.029416401200397527
            ]
        ],
        "huber_measure": 0.42594837260904783,
        "chen_measure": 0.14194322713242113
    },
    {
        "d": 1,
        "eps_d": 0.2,
        "matrix": [
            [
                0.015111809536821726,
                0.0,
                0.0,
                0.0,
                0.0,
                -1.734723475976807e-18,
                1.214306433183765e-17,
                0.0
            ],
            [
                0.0,
                0.1024018704500262,
                -0.13201145358297595,
                0.0,
                0.08124625686237255,
                0.0,
                0.0,
                -1.214306433183765e-17
            ],
            [
                0.0,
                -0.13201145358297595,
                0.1919258631390794,
                0.0,
                -0.13201145358297484,
                0.0,
                0.0,
                1.734723475976807e-18
            ],
            [
                0.0,
                0.0,
                0.0,
                0.14733798031676565,
                0.0,
                -0.18480800028220667,
                0.12134654671842263,
                0.0
            ],
            [
                0.0,
                0.08124625686237255,
                -0.13201145358297484,
                0.0,
                0.10240187045002501,
                0.0,
                0.0,
                0.0
            ],
            [
                -1.734723475976807e-18,
                0.0,
                0.0,
                -0.18480800028220667,
                0.0,
                0.2570962006932534,
                -0.184808000282208,
                0.0
            ],
            [
                1.214306433183765e-17,
                0.0,
                0.0,
                0.12134654671842263,
                0.0,
                -0.184808000282208,
                0.14733798031676776,
                0.0
            ],
            [
                0.0,
                -1.214306433183765e-17,
                1.734723475976807e-18,
                0.0,
                0.0,
                0.0,
                0.0,
                0.03638642509726091
            ]
        ],
        "huber_measure": 0.44346998591046555,
        "chen_measure": 0.15208202801665865
    },
    {
        "d": 1,
        "eps_d": 0.30000000000000004,
        "matrix": [
            [
                0.011974915177679762,
                0.0,
                0.0,
                0.0,
                0.0,
                -1.734723475976807e-18,
                -3.469446951953614e-18,
                0.0
            ],
            [
                0.0,
                0.09158630676002573,
                -0.11881613961305926,
                0.0,
                0.07182640146209653,
                0.0,
                0.0,
                3.469446951953614e-18
            ],
            [
                0.0,
                -0.11881613961305926,
                0.1747725924872831,
                0.0,
                -0.11881613961305836,
                0.0,
                0.0,
                -5.204170427930421e-18
            ],
            [
                0.0,
                0.0,
                0.0,
                0.15778827726120326,
                0.0,
                -0.19605948199077947,
                0.1306054044459578,
                0.0
            ],
            [
                0.0,
                0.07182640146209653,
                -0.11881613961305836,
                0.0,
                0.0915863067600255,
                0.0,
                0.0,
                0.0
            ],
            [
                -1.734723475976807e-18,
                0.0,
                0.0,
                -0.19605948199077947,
                0.0,
                0.26964864393909826,
                -0.196059481990781,
                0.0
            ],
            [
                -3.469446951953614e-18,
                0.0,
                0.0,
                0.1306054044459578,
                0.0,
                -0.196059481990781,
                0.1577882772612047,
                0.0
            ],
            [
                0.0,
                3.469446951953614e-18,
                -5.204170427930421e-18,
                0.0,
                0.0,
                0.0,
                0.0,
                0.044854680353479726
            ]
        ],
        "huber_measure": 0.4575848338116991,
        "chen_measure": 0.16271359242855396
    },
    {
        "d": 1,
        "eps_d": 0.4,
        "matrix": [
            [
                0.009433907542515003,
                0.0,
                0.0,
                0.0,
                0.0,
                3.469446951953614e-18,
                -3.469446951953614e-18,
                0.0
            ],
            [
                0.0,
                0.08131661542781762,
                -0.1062372204046966,
                0.0,
                0.06304506708790267,
                0.0,
                0.0,
                3.469446951953614e-18
            ],
            [
                0.0,
                -0.1062372204046966,
                0.15822374470479264,
                0.0,
                -0.10623722040469723,
                0.0,
                0.0,
                -3.469446951953614e-18
            ],
            [
                0.0,
                0.0,
                0.0,
                0.16746744583544546,
                0.0,
                -0.2057597553691057,
                0.13897956849742052,
                0.0
            ],
            [
                0.0,
                0.06304506708790267,
                -0.10623722040469723,
                0.0,
                0.08131661542781793,
                0.0,
                0.0,
                0.0
            ],
            [
                3.469446951953614e-18,
                0.0,
                0.0,
                -0.2057597553691057,
                0.0,
                0.2795990366272214,
                -0.2057597553691042,
                0.0
            ],
            [
                -3.469446951953614e-18,
                0.0,
                0.0,
                0.13897956849742052,
                0.0,
                -0.2057597553691042,
                0.1674674458354439,
                0.0
            ],
            [
                0.0,
                3.469446951953614e-18,
                -3.469446951953614e-18,
                0.0,
                0.0,
                0.0,
                0.0,
                0.055175188598946164
            ]
        ],
        "huber_measure": 0.46819970635987745,
        "chen_measure": 0.17199107797883215
    },
    {
        "d": 1,
        "eps_d": 0.5,
        "matrix": [
            [
                0.00738334944858049,
                0.0,
                0.0,
                0.0,
                0.0,
                0.0,
                3.469446951953614e-18,
                0.0
            ],
            [
                0.0,
                0.0716837624582514,
                -0.0944329661981931,
                0.0,
                0.05498510800579541,
                0.0,
                0.0,
                -3.469446951953614e-18
            ],
            [
                0.0,
                -0.0944329661981931,
                0.14254960957188376,
                0.0,
                -0.09443296619819103,
                0.0,
                0.0,
                -3.469446951953614e-18
            ],
            [
                0.0,
                0.0,
                0.0,
                0.17619472776389225,
                0.0,
                -0.21357562478193315,
                0.14620456935061907,
                0.0
            ],
            [
                0.0,
                0.05498510800579541,
                -0.09443296619819103,
                0.0,
                0.07168376245825087,
                0.0,
                0.0,
                0.0
            ],
            [
                0.0,
                0.0,
                0.0,
                -0.21357562478193315,
                0.0,
                0.286482403750848,
                -0.2135756247819337,
                0.0
            ],
            [
                3.469446951953614e-18,
                0.0,
                0.0,
                0.14620456935061907,
                0.0,
                -0.2135756247819337,
                0.17619472776389242,
                0.0
            ],
            [
                0.0,
                -3.469446951953614e-18,
                -3.469446951953614e-18,
                0.0,
                0.0,
                0.0,
                0.0,
                0.06782765678440075
            ]
        ],
        "huber_measure": 0.4750517060329296,
        "chen_measure": 0.17954847558457918
    },
    {
        "d": 1,
        "eps_d": 0.6000000000000001,
        "matrix": [
            [
                0.005732573416440831,
                0.0,
                0.0,
                0.0,
                0.0,
                0.0,
                0.0,
                0.0
            ],
            [
                0.0,
                0.06271930827495228,
                -0.08347121353203682,
                0.0,
                0.047666048004829376,
                0.0,
                0.0,
                -6.938893903907228e-18
            ],
            [
                0.0,
                -0.08347121353203682,
                0.12788922618887422,
                0.0,
                -0.0834712135320359,
                0.0,
                0.0,
                0.0
            ],
            [
                0.0,
                0.0,
                0.0,
                0.1838058123864973,
                0.0,
                -0.219188453610902,
                0.15202064245562935,
                0.0
            ],
            [
                0.0,
                0.047666048004829376,
                -0.0834712135320359,
                0.0,
                0.06271930827495233,
                0.0,
                0.0,
                0.0
            ],
            [
                0.0,
                0.0,
                0.0,
                -0.219188453610902,
                0.0,
                0.28986275052737565,
                -0.2191884536109013,
                0.0
            ],
            [
                0.0,
                0.0,
                0.0,
                0.15202064245562935,
                0.0,
                -0.2191884536109013,
                0.18380581238649685,
                0.0
            ],
            [
                0.0,
                -6.938893903907228e-18,
                0.0,
                0.0,
                0.0,
                0.0,
                0.0,
                0.08346520854441053
            ]
        ],
        "huber_measure": 0.4776744430612596,
        "chen_measure": 0.1850218163562665
    },
    {
        "d": 1,
        "eps_d": 0.7000000000000001,
        "matrix": [
            [
                0.004405105762478483,
                0.0,
                0.0,
                0.0,
                0.0,
                0.0,
                0.0,
                0.0
            ],
            [
                0.0,
                0.054406880260290925,
                -0.07334428108643323,
                0.0,
                0.04105776954110113,
                0.0,
                0.0,
                -6.938893903907228e-18
            ],
            [
                0.0,
                -0.07334428108643323,
                0.11426690295520878,
                0.0,
                -0.07334428108643265,
                0.0,
                0.0,
                3.469446951953614e-18
            ],
            [
                0.0,
                0.0,
                0.0,
                0.19012531908913066,
                0.0,
                -0.22226048173046997,
                0.15614594460686337,
                0.0
            ],
            [
                0.0,
                0.04105776954110113,
                -0.07334428108643265,
                0.0,
                0.054406880260291716,
                0.0,
                0.0,
                0.0
            ],
            [
                0.0,
                0.0,
                0.0,
                -0.22226048173046997,
                0.0,
                0.289293435545214,
                -0.2222604817304676,
                0.0
            ],
            [
                0.0,
                0.0,
                0.0,
                0.15614594460686337,
                0.0,
                -0.2222604817304676,
                0.1901253190891269,
                0.0
            ],
            [
                0.0,
                -6.938893903907228e-18,
                3.469446951953614e-18,
                0.0,
                0.0,
                0.0,
                0.0,
                0.10297015703825857
            ]
        ],
        "huber_measure": 0.47535882259454215,
        "chen_measure": 0.18815025740768754
    },
    {
        "d": 1,
        "eps_d": 0.8,
        "matrix": [
            [
                0.0033380933337265953,
                0.0,
                0.0,
                0.0,
                0.0,
                0.0,
                0.0,
                0.0
            ],
            [
                0.0,
                0.04669840888828453,
                -0.063989273976387,
                0.0,
                0.035096699274051485,
                0.0,
                0.0,
                -6.938893903907228e-18
            ],
            [
                0.0,
                -0.063989273976387,
                0.10161632186673486,
                0.0,
                -0.06398927397638762,
                0.0,
                0.0,
                0.0
            ],
            [
                0.0,
                0.0,
                0.0,
                0.19492964970656917,
                0.0,
                -0.222397908290618,
                0.15824293730679742,
                0.0
            ],
            [
                0.0,
                0.035096699274051485,
                -0.06398927397638762,
                0.0,
                0.04669840888828599,
                0.0,
                0.0,
                0.0
            ],
            [
                0.0,
                0.0,
                0.0,
                -0.222397908290618,
                0.0,
                0.2842829717121205,
                -0.22239790829061457,
                0.0
            ],
            [
                0.0,
                0.0,
                0.0,
                0.15824293730679742,
                0.0,
                -0.22239790829061457,
                0.19492964970656412,
                0.0
            ],
            [
                0.0,
                -6.938893903907228e-18,
                0.0,
                0.0,
                0.0,
                0.0,
                0.0,
                0.12750649589771418
            ]
        ],
        "huber_measure": 0.4671367221873622,
        "chen_measure": 0.19073352157338833
    },
    {
        "d": 1,
        "eps_d": 0.9,
        "matrix": [
            [
                0.0024815468805325924,
                0.0,
                0.0,
                0.0,
                0.0,
                0.0,
                1.3877787807814457e-17,
                0.0
            ],
            [
                0.0,
                0.03953379512695309,
                -0.05531133177731159,
                0.0,
                0.02970253072090405,
                0.0,
                0.0,
                -1.3877787807814457e-17
            ],
            [
                0.0,
                -0.05531133177731159,
                0.08980817347125658,
                0.0,
                -0.055311331777312386,
                0.0,
                0.0,
                6.938893903907228e-18
            ],
            [
                0.0,
                0.0,
                0.0,
                0.19790660076238253,
                0.0,
                -0.21912958067380806,
                0.15789078761128744,
                0.0
            ],
            [
                0.0,
                0.02970253072090405,
                -0.055311331777312386,
                0.0,
                0.039533795126953424,
                0.0,
                0.0,
                0.0
            ],
            [
                0.0,
                0.0,
                0.0,
                -0.21912958067380806,
                0.0,
                0.27429690377947447,
                -0.2191295806738052,
                0.0
            ],
            [
                1.3877787807814457e-17,
                0.0,
                0.0,
                0.15789078761128744,
                0.0,
                -0.2191295806738052,
                0.19790660076237776,
                0.0
            ],
            [
                0.0,
                -1.3877787807814457e-17,
                6.938893903907228e-18,
                0.0,
                0.0,
                0.0,
                0.0,
                0.15853258409006954
            ]
        ],
        "huber_measure": 0.45176521900037075,
        "chen_measure": 0.19456200737597415
    },
    {
        "d": 1,
        "eps_d": 1.0,
        "matrix": [
            [
                0.001797407540300916,
                0.0,
                0.0,
                0.0,
                0.0,
                0.0,
                0.0,
                0.0
            ],
            [
                0.0,
                0.032864965450139214,
                -0.047211441148107935,
                0.0,
                0.024796197231506084,
                0.0,
                0.0,
                6.938893903907228e-18
            ],
            [
                0.0,
                -0.047211441148107935,
                0.0786836700698856,
                0.0,
                -0.04721144114810442,
                0.0,
                0.0,
                0.0
            ],
            [
                0.0,
                0.0,
                0.0,
                0.1986282548897524,
                0.0,
                -0.21193756415853016,
                0.15459174789199046,
                0.0
            ],
            [
                0.0,
                0.024796197231506084,
                -0.04721144114810442,
                0.0,
                0.032864965450140116,
                0.0,
                0.0,
                0.0
            ],
            [
                0.0,
                0.0,
                0.0,
                -0.21193756415853016,
                0.0,
                0.2588475604241796,
                -0.21193756415852877,
                0.0
            ],
            [
                0.0,
                0.0,
                0.0,
                0.15459174789199046,
                0.0,
                -0.21193756415852877,
                0.19862825488975105,
                0.0
            ],
            [
                0.0,
                6.938893903907228e-18,
                0.0,
                0.0,
                0.0,
                0.0,
                0.0,
                0.19768492128585108
            ]
        ],
        "huber_measure": 0.42788757525217025,
        "chen_measure": 0.20132098519065458
    },
    {
        "d": 1,
        "eps_d": 1.1,
        "matrix": [
            [
                0.0012274293783866574,
                0.0,
                0.0,
                2.0816681711721685e-17,
                0.0,
                0.0,
                6.938893903907228e-18,
                0.0
            ],
            [
                0.0,
                0.026338938307533012,
                -0.03921899244402785,
                0.0,
                0.020090910788676808,
                0.0,
                0.0,
                -6.938893903907228e-18
            ],
            [
                0.0,
                -0.03921899244402785,
                0.06755106725315912,
                0.0,
                -0.03921899244402922,
                0.0,
                0.0,
                0.0
            ],
            [
                2.0816681711721685e-17,
                0.0,
                0.0,
                0.19642191144318694,
                0.0,
                -0.19963783527341816,
                0.14743569418183786,
                0.0
            ],
            [
                0.0,
                0.020090910788676808,
                -0.03921899244402922,
                0.0,
                0.026338938307534622,
                0.0,
                0.0,
                -1.3877787807814457e-17
            ],
            [
                0.0,
                0.0,
                0.0,
                -0.19963783527341816,
                0.0,
                0.2363435159347193,
                -0.19963783527341158,
                0.0
            ],
            [
                6.938893903907228e-18,
                0.0,
                0.0,
                0.14743569418183786,
                0.0,
                -0.19963783527341158,
                0.1964219114431786,
                0.0
            ],
            [
                0.0,
                -6.938893903907228e-18,
                0.0,
                0.0,
                -1.3877787807814457e-17,
                0.0,
                0.0,
                0.24935628793230172
            ]
        ],
        "huber_measure": 0.39238519540238265,
        "chen_measure": 0.21005607463903894
    },
    {
        "d": 1,
        "eps_d": 1.2000000000000002,
        "matrix": [
            [
                0.000822224251864536,
                0.0,
                0.0,
                1.3877787807814457e-17,
                0.0,
                0.0,
                0.0,
                0.0
            ],
            [
                0.0,
                0.02074902942165691,
                -0.03218204278483052,
                0.0,
                0.016059649232242245,
                0.0,
                0.0,
                6.938893903907228e-18
            ],
            [
                0.0,
                -0.03218204278483052,
                0.057481655345511695,
                0.0,
                -0.03218204278482946,
                0.0,
                0.0,
                3.469446951953614e-18
            ],
            [
                1.3877787807814457e-17,
                0.0,
                0.0,
                0.19095116667854586,
                0.0,
                -0.1835433989544688,
                0.13688316224161654,
                0.0
            ],
            [
                0.0,
                0.016059649232242245,
                -0.03218204278482946,
                0.0,
                0.02074902942165552,
                0.0,
                0.0,
                -6.938893903907228e-18
            ],
            [
                0.0,
                0.0,
                0.0,
                -0.1835433989544688,
                0.0,
                0.20993042723640423,
                -0.18354339895446548,
                0.0
            ],
            [
                0.0,
                0.0,
                0.0,
                0.13688316224161654,
                0.0,
                -0.18354339895446548,
                0.19095116667854076,
                0.0
            ],
            [
                0.0,
                6.938893903907228e-18,
                3.469446951953614e-18,
                0.0,
                -6.938893903907228e-18,
                0.0,
                0.0,
                0.3083653009658205
            ]
        ],
        "huber_measure": 0.3490775763998144,
        "chen_measure": 0.20676620565281503
    },
    {
        "d": 1,
        "eps_d": 1.3,
        "matrix": [
            [
                0.0005264419597254127,
                0.0,
                0.0,
                0.0,
                0.0,
                6.938893903907228e-18,
                0.0,
                0.0
            ],
            [
                0.0,
                0.01584471175968319,
                -0.02578526724427682,
                0.0,
                0.01249784635007747,
                0.0,
                0.0,
                0.0
            ],
            [
                0.0,
                -0.02578526724427682,
                0.048013914756328976,
                0.0,
                -0.02578526724427388,
                0.0,
                0.0,
                1.0408340855860843e-17
            ],
            [
                0.0,
                0.0,
                0.0,
                0.18214093906814996,
                0.0,
                -0.16393035817701831,
                0.12310849538295297,
                0.0
            ],
            [
                0.0,
                0.01249784635007747,
                -0.02578526724427388,
                0.0,
                0.01584471175968215,
                0.0,
                0.0,
                0.0
            ],
            [
                6.938893903907228e-18,
                0.0,
                0.0,
                -0.16393035817701831,
                0.0,
                0.1801883865918775,
                -0.1639303581770151,
                0.0
            ],
            [
                0.0,
                0.0,
                0.0,
                0.12310849538295297,
                0.0,
                -0.1639303581770151,
                0.18214093906814535,
                0.0
            ],
            [
                0.0,
                0.0,
                1.0408340855860843e-17,
                0.0,
                0.0,
                0.0,
                0.0,
                0.3752999550364075
            ]
        ],
        "huber_measure": 0.2987648767291572,
        "chen_measure": 0.19017569034535567
    },
    {
        "d": 1,
        "eps_d": 1.4000000000000001,
        "matrix": [
            [
                0.00032353668455446663,
                0.0,
                0.0,
                1.3877787807814457e-17,
                0.0,
                -6.938893903907228e-18,
                0.0,
                0.0
            ],
            [
                0.0,
                0.011763400196996733,
                -0.020205669077053255,
                0.0,
                0.009481508993115676,
                0.0,
                0.0,
                0.0
            ],
            [
                0.0,
                -0.020205669077053255,
                0.03939718551020106,
                0.0,
                -0.020205669077052874,
                0.0,
                0.0,
                -1.0408340855860843e-17
            ],
            [
                1.3877787807814457e-17,
                0.0,
                0.0,
                0.17053953871232053,
                0.0,
                -0.14250977010198154,
                0.10732722374496399,
                0.0
            ],
            [
                0.0,
                0.009481508993115676,
                -0.020205669077052874,
                0.0,
                0.011763400196995665,
                0.0,
                0.0,
                -6.938893903907228e-18
            ],
            [
                -6.938893903907228e-18,
                0.0,
                0.0,
                -0.14250977010198154,
                0.0,
                0.14983948875808104,
                -0.14250977010197963,
                0.0
            ],
            [
                0.0,
                0.0,
                0.0,
                0.10732722374496399,
                0.0,
                -0.14250977010197963,
                0.1705395387123175,
                0.0
            ],
            [
                0.0,
                0.0,
                -1.0408340855860843e-17,
                0.0,
                -6.938893903907228e-18,
                0.0,
                0.0,
                0.445833911228533
            ]
        ],
        "huber_measure": 0.24609902994647814,
        "chen_measure": 0.17266041286580114
    },
    {
        "d": 1,
        "eps_d": 1.5,
        "matrix": [
            [
                0.00019318810040747092,
                0.0,
                0.0,
                0.0,
                0.0,
                3.469446951953614e-18,
                0.0,
                0.0
            ],
            [
                0.0,
                0.008562163710932491,
                -0.01558009654211389,
                0.0,
                0.007057321672837787,
                0.0,
                0.0,
                0.0
            ],
            [
                0.0,
                -0.01558009654211389,
                0.031898677490722296,
                0.0,
                -0.015580096542114286,
                0.0,
                0.0,
                3.469446951953614e-18
            ],
            [
                0.0,
                0.0,
                0.0,
                0.15726791925652484,
                0.0,
                -0.12136143056779719,
                0.09120737889265025,
                0.0
            ],
            [
                0.0,
                0.007057321672837787,
                -0.015580096542114286,
                0.0,
                0.008562163710933074,
                0.0,
                0.0,
                0.0
            ],
            [
                3.469446951953614e-18,
                0.0,
                0.0,
                -0.12136143056779719,
                0.0,
                0.12166825062883156,
                -0.12136143056779186,
                0.0
            ],
            [
                0.0,
                0.0,
                0.0,
                0.09120737889265025,
                0.0,
                -0.12136143056779186,
                0.15726791925652034,
                0.0
            ],
            [
                0.0,
                0.0,
                3.469446951953614e-18,
                0.0,
                0.0,
                0.0,
                0.0,
                0.5145797178451279
            ]
        ],
        "huber_measure": 0.19640010812692987,
        "chen_measure": 0.15590977841627027
    },
    {
        "d": 1,
        "eps_d": 1.6,
        "matrix": [
            [
                0.00011387421381029578,
                0.0,
                0.0,
                -3.469446951953614e-18,
                0.0,
                0.0,
                0.0,
                0.0
            ],
            [
                0.0,
                0.006176965688705419,
                -0.011921275881016387,
                0.0,
                0.005201393533565864,
                0.0,
                0.0,
                0.0
            ],
            [
                0.0,
                -0.011921275881016387,
                0.02565451306773984,
                0.0,
                -0.01192127588101441,
                0.0,
                0.0,
                -3.469446951953614e-18
            ],
            [
                -3.469446951953614e-18,
                0.0,
                0.0,
                0.14358148171989046,
                0.0,
                -0.10213080217264142,
                0.07620338234227614,
                0.0
            ],
            [
                0.0,
                0.005201393533565864,
                -0.01192127588101441,
                0.0,
                0.006176965688705453,
                0.0,
                0.0,
                0.0
            ],
            [
                0.0,
                0.0,
                0.0,
                -0.10213080217264142,
                0.0,
                0.09747957906333063,
                -0.10213080217264081,
                0.0
            ],
            [
                0.0,
                0.0,
                0.0,
                0.07620338234227614,
                0.0,
                -0.10213080217264081,
                0.1435814817198912,
                0.0
            ],
            [
                0.0,
                0.0,
                -3.469446951953614e-18,
                0.0,
                0.0,
                0.0,
                0.0,
                0.5772351388379268
            ]
        ],
        "huber_measure": 0.153516320297182,
        "chen_measure": 0.13711843275312807
    },
    {
        "d": 1,
        "eps_d": 1.7000000000000002,
        "matrix": [
            [
                6.722203196368737e-05,
                0.0,
                0.0,
                0.0,
                0.0,
                0.0,
                -6.938893903907228e-18,
                0.0
            ],
            [
                0.0,
                0.0044601327006288105,
                -0.009122429927220482,
                0.0,
                0.0038292115333423502,
                0.0,
                0.0,
                3.469446951953614e-18
            ],
            [
                0.0,
                -0.009122429927220482,
                0.02062429765714989,
                0.0,
                -0.009122429927219775,
                0.0,
                0.0,
                -1.734723475976807e-18
            ],
            [
                0.0,
                0.0,
                0.0,
                0.1304390298086378,
                0.0,
                -0.08561975843384884,
                0.06313301156203865,
                0.0
            ],
            [
                0.0,
                0.0038292115333423502,
                -0.009122429927219775,
                0.0,
                0.004460132700628533,
                0.0,
                0.0,
                0.0
            ],
            [
                0.0,
                0.0,
                0.0,
                -0.08561975843384884,
                0.0,
                0.0778007237709673,
                -0.08561975843384934,
                0.0
            ],
            [
                -6.938893903907228e-18,
                0.0,
                0.0,
                0.06313301156203865,
                0.0,
                -0.08561975843384934,
                0.13043902980863636,
                0.0
            ],
            [
                0.0,
                3.469446951953614e-18,
                -1.734723475976807e-18,
                0.0,
                0.0,
                0.0,
                0.0,
                0.6317094315213876
            ]
        ],
        "huber_measure": 0.11879220844286459,
        "chen_measure": 0.12050457438084775
    },
    {
        "d": 1,
        "eps_d": 1.8,
        "matrix": [
            [
                4.014471666390074e-05,
                0.0,
                0.0,
                0.0,
                0.0,
                0.0,
                0.0,
                0.0
            ],
            [
                0.0,
                0.0032450559818562458,
                -0.007019757057642267,
                0.0,
                0.0028337726868017353,
                0.0,
                0.0,
                0.0
            ],
            [
                0.0,
                -0.007019757057642267,
                0.01664957960032455,
                0.0,
                -0.007019757057641865,
                0.0,
                0.0,
                -1.734723475976807e-18
            ],
            [
                0.0,
