[
    {
        "d": 3,
        "eps_d": 0.0,
        "matrix": [
            [
                0.1137417728095835,
                0.0,
                0.0,
                6.938893903907228e-18,
                0.0,
                6.4921387710004806e-18,
                1.1850865797740178e-18,
                0.0
            ],
            [
                0.0,
                0.12500000000000078,
                -0.08600476641334068,
                0.0,
                0.0598474159518901,
                0.0,
                0.0,
                -1.1850865797740178e-18
            ],
            [
                0.0,
                -0.08600476641334068,
                0.13625822719041847,
                0.0,
                -0.08600476641334176,
                0.0,
                0.0,
                7.385649036813976e-18
            ],
            [
                6.938893903907228e-18,
                0.0,
                0.0,
                0.12500000000000114,
                0.0,
                -0.08600476641334201,
                0.05984741595188949,
                0.0
            ],
            [
                0.0,
                0.0598474159518901,
                -0.08600476641334176,
                0.0,
                0.12500000000000025,
                0.0,
                0.0,
                6.938893903907228e-18
            ],
            [
                6.4921387710004806e-18,
                0.0,
                0.0,
                -0.08600476641334201,
                0.0,
                0.1362582271904172,
                -0.08600476641333893,
                0.0
            ],
            [
                1.1850865797740178e-18,
                0.0,
                0.0,
                0.05984741595188949,
                0.0,
                -0.08600476641333893,
                0.12499999999999785,
                0.0
            ],
            [
                0.0,
                -1.1850865797740178e-18,
                7.385649036813976e-18,
                0.0,
                6.938893903907228e-18,
                0.0,
                0.0,
                0.1137417728095809
            ]
        ],
        "huber_measure": 0.2321586168395862,
        "chen_measure": 0.10832629286757339
    },
    {
        "d": 3,
        "eps_d": 0.1,
        "matrix": [
            [
                0.10847003670277637,
                0.0,
                0.0,
                -1.3877787807814457e-17,
                0.0,
                8.239936510889834e-18,
                -1.734723475976807e-18,
                0.0
            ],
            [
                0.0,
                0.1230876895062697,
                -0.08447199047093872,
                0.0,
                0.0587965497836394,
                0.0,
                0.0,
                1.734723475976807e-18
            ],
            [
                0.0,
                -0.08447199047093872,
                0.13369760484911183,
                0.0,
                -0.08447199047093884,
                0.0,
                0.0,
                5.637851296924623e-18
            ],
            [
                -1.3877787807814457e-17,
                0.0,
                0.0,
                0.12685666740141596,
                0.0,
                -0.08750130581904561,
                0.060875404602296256,
                0.0
            ],
            [
                0.0,
                0.0587965497836394,
                -0.08447199047093884,
                0.0,
                0.12308768950627029,
                0.0,
                0.0,
                -1.3877787807814457e-17
            ],
            [
                8.239936510889834e-18,
                0.0,
                0.0,
                -0.08750130581904561,
                0.0,
                0.13875598482990933,
                -0.08750130581904585,
                0.0
            ],
            [
                -1.734723475976807e-18,
                0.0,
                0.0,
                0.060875404602296256,
                0.0,
                -0.08750130581904585,
                0.12685666740141602,
                0.0
            ],
            [
                0.0,
                1.734723475976807e-18,
                5.637851296924623e-18,
                0.0,
                -1.3877787807814457e-17,
                0.0,
                0.0,
                0.11918765980283043
            ]
        ],
        "huber_measure": 0.23212676141155708,
        "chen_measure": 0.10827131243716044
    },
    {
        "d": 3,
        "eps_d": 0.2,
        "matrix": [
            [
                0.10337277348816597,
                0.0,
                0.0,
                6.938893903907228e-18,
                0.0,
                -1.452830911130576e-17,
                1.0625181290357943e-17,
                0.0
            ],
            [
                0.0,
                0.1211229031270173,
                -0.08290706304041093,
                0.0,
                0.057725566714726756,
                0.0,
                0.0,
                1.713039432527097e-17
            ],
            [
                0.0,
                -0.08290706304041093,
                0.13108257502079868,
                0.0,
                -0.08290706304040948,
                0.0,
                0.0,
                -1.3227266504323154e-17
            ],
            [
                6.938893903907228e-18,
                0.0,
                0.0,
                0.12865470761301973,
                0.0,
                -0.088957545157836,
                0.061877737812523134,
                0.0
            ],
            [
                0.0,
                0.057725566714726756,
                -0.08290706304040948,
                0.0,
                0.12112290312701725,
                0.0,
                0.0,
                6.938893903907228e-18
            ],
            [
                -1.452830911130576e-17,
                0.0,
                0.0,
                -0.088957545157836,
                0.0,
                0.1411824283563613,
                -0.08895754515783744,
                0.0
            ],
            [
                1.0625181290357943e-17,
                0.0,
                0.0,
                0.061877737812523134,
                0.0,
                -0.08895754515783744,
                0.12865470761301984,
                0.0
            ],
            [
                0.0,
                1.713039432527097e-17,
                -1.3227266504323154e-17,
                0.0,
                6.938893903907228e-18,
                0.0,
                0.0,
                0.12480700165460003
            ]
        ],
        "huber_measure": 0.23207392201478183,
        "chen_measure": 0.10810637899006198
    },
    {
        "d": 3,
        "eps_d": 0.30000000000000004,
        "matrix": [
            [
                0.09844989392891006,
                0.0,
                0.0,
                0.0,
                0.0,
                5.637851296924623e-18,
                -1.734723475976807e-17,
                0.0
            ],
            [
                0.0,
                0.11910896344202011,
                -0.08131405492752256,
                0.0,
                0.05663718700522259,
                0.0,
                0.0,
                -1.0408340855860843e-17
            ],
            [
                0.0,
                -0.08131405492752256,
                0.12842152623560973,
                0.0,
                -0.08131405492752199,
                0.0,
                0.0,
                4.7704895589362195e-18
            ],
            [
                0.0,
                0.0,
                0.0,
                0.1303913434807731,
                0.0,
                -0.09036947700863458,
                0.06285164240746328,
                0.0
            ],
            [
                0.0,
                0.05663718700522259,
                -0.08131405492752199,
                0.0,
                0.11910896344201953,
                0.0,
                0.0,
                0.0
            ],
            [
                5.637851296924623e-18,
                0.0,
                0.0,
                -0.09036947700863458,
                0.0,
                0.1435291911829835,
                -0.09036947700863476,
                0.0
            ],
            [
                -1.734723475976807e-17,
                0.0,
                0.0,
                0.06285164240746328,
                0.0,
                -0.09036947700863476,
                0.1303913434807731,
                0.0
            ],
            [
                0.0,
                -1.0408340855860843e-17,
                4.7704895589362195e-18,
                0.0,
                0.0,
                0.0,
                0.0,
                0.13059877480691082
            ]
        ],
        "huber_measure": 0.23193349069085686,
        "chen_measure": 0.10795692412118527
    },
    {
        "d": 3,
        "eps_d": 0.4,
        "matrix": [
            [
                0.09370087030064908,
                0.0,
                0.0,
                6.938893903907228e-18,
                0.0,
                -9.107298248878237e-18,
                -9.107298248878237e-18,
                0.0
            ],
            [
                0.0,
                0.11704931749713483,
                -0.07969698683721171,
                0.0,
                0.055534067316182156,
                0.0,
                0.0,
                -4.7704895589362195e-18
            ],
            [
                0.0,
                -0.07969698683721171,
                0.125722702705049,
                0.0,
                -0.07969698683720963,
                0.0,
                0.0,
                -8.239936510889834e-18
            ],
            [
                6.938893903907228e-18,
                0.0,
                0.0,
                0.13206402412800086,
                0.0,
                -0.09173318242473168,
                0.06379437021051228,
                0.0
            ],
            [
                0.0,
                0.055534067316182156,
                -0.07969698683720963,
                0.0,
                0.11704931749713321,
                0.0,
                0.0,
                6.938893903907228e-18
            ],
            [
                -9.107298248878237e-18,
                0.0,
                0.0,
                -0.09173318242473168,
                0.0,
                0.14578806080614462,
                -0.09173318242473286,
                0.0
            ],
            [
                -9.107298248878237e-18,
                0.0,
                0.0,
                0.06379437021051228,
                0.0,
                -0.09173318242473286,
                0.13206402412800114,
                0.0
            ],
            [
                0.0,
                -4.7704895589362195e-18,
                -8.239936510889834e-18,
                0.0,
                6.938893903907228e-18,
                0.0,
                0.0,
                0.1365616829378872
            ]
        ],
        "huber_measure": 0.23176027022556994,
        "chen_measure": 0.10925224735071667
    },
    {
        "d": 3,
        "eps_d": 0.5,
        "matrix": [
            [
                0.0891247194798237,
                0.0,
                0.0,
                -1.3877787807814457e-17,
                0.0,
                -1.3877787807814457e-17,
                8.673617379884035e-19,
                0.0
            ],
            [
                0.0,
                0.11494750355584848,
                -0.07805979445280609,
                0.0,
                0.0544187780528256,
                0.0,
                0.0,
                -8.673617379884035e-19
            ],
            [
                0.0,
                -0.07805979445280609,
                0.1229941317601696,
                0.0,
                -0.07805979445280493,
                0.0,
                0.0,
                -1.734723475976807e-17
            ],
            [
                -1.3877787807814457e-17,
                0.0,
                0.0,
                0.13367043934997846,
                0.0,
                -0.09304486009202502,
                0.06470321574076972,
                0.0
            ],
            [
                0.0,
                0.0544187780528256,
                -0.07805979445280493,
                0.0,
                0.11494750355584882,
                0.0,
                0.0,
                -1.3877787807814457e-17
            ],
            [
                -1.3877787807814457e-17,
                0.0,
                0.0,
                -0.09304486009202502,
                0.0,
                0.14795104416355118,
                -0.09304486009202642,
                0.0
            ],
            [
                8.673617379884035e-19,
                0.0,
                0.0,
                0.06470321574076972,
                0.0,
                -0.09304486009202642,
                0.13367043934997952,
                0.0
            ],
            [
                0.0,
                -8.673617379884035e-19,
                -1.734723475976807e-17,
                0.0,
                -1.3877787807814457e-17,
                0.0,
                0.0,
                0.1426942187848002
            ]
        ],
        "huber_measure": 0.23143608850440048,
        "chen_measure": 0.11065332805929606
    },
    {
        "d": 3,
        "eps_d": 0.6000000000000001,
        "matrix": [
            [
                0.08471999635129404,
                0.0,
                0.0,
                0.0,
                0.0,
                -6.938893903907228e-18,
                0.0,
                0.0
            ],
            [
                0.0,
                0.11280711639328393,
                -0.07640629539351836,
                0.0,
                0.05329378199333594,
                0.0,
                0.0,
                0.0
            ],
            [
                0.0,
                -0.07640629539351836,
                0.12024355635462554,
                0.0,
                -0.07640629539351912,
                0.0,
                0.0,
                -6.938893903907228e-18
            ],
            [
                0.0,
                0.0,
                0.0,
                0.13520852880226222,
                0.0,
                -0.09430085142195935,
                0.06557553068755821,
                0.0
            ],
            [
                0.0,
                0.05329378199333594,
                -0.07640629539351912,
                0.0,
                0.11280711639328378,
                0.0,
                0.0,
                0.0
            ],
            [
                -6.938893903907228e-18,
                0.0,
                0.0,
                -0.09430085142195935,
                0.0,
                0.15001042522659067,
                -0.0943008514219583,
                0.0
            ],
            [
                0.0,
                0.0,
                0.0,
                0.06557553068755821,
                0.0,
                -0.0943008514219583,
                0.1352085288022619,
                0.0
            ],
            [
                0.0,
                0.0,
                -6.938893903907228e-18,
                0.0,
                0.0,
                0.0,
                0.0,
                0.14899473167639796
            ]
        ],
        "huber_measure": 0.2311258195283334,
        "chen_measure": 0.11185693242213446
    },
    {
        "d": 3,
        "eps_d": 0.7,
        "matrix": [
            [
                0.08048479715370527,
                0.0,
                0.0,
                0.0,
                0.0,
                -1.3010426069826053e-17,
                -8.673617379884035e-19,
                0.0
            ],
            [
                0.0,
                0.11063177202650473,
                -0.0747401588529385,
                0.0,
                0.05216141479576754,
                0.0,
                0.0,
                8.673617379884035e-19
            ],
            [
                0.0,
                -0.0747401588529385,
                0.11747837430113925,
                0.0,
                -0.07474015885293864,
                0.0,
                0.0,
                -1.474514954580286e-17
            ],
            [
                0.0,
                0.0,
                0.0,
                0.13667648588742037,
                0.0,
                -0.09549766088182132,
                0.06640873460472542,
                0.0
            ],
            [
                0.0,
                0.05216141479576754,
                -0.07474015885293864,
                0.0,
                0.1106317720265046,
                0.0,
                0.0,
                0.0
            ],
            [
                -1.3010426069826053e-17,
                0.0,
                0.0,
                -0.09549766088182132,
                0.0,
                0.15195881332750205,
                -0.09549766088182032,
                0.0
            ],
            [
                -8.673617379884035e-19,
                0.0,
                0.0,
                0.06640873460472542,
                0.0,
                -0.09549766088182032,
                0.136676485887418,
                0.0
            ],
            [
                0.0,
                8.673617379884035e-19,
                -1.474514954580286e-17,
                0.0,
                0.0,
                0.0,
                0.0,
                0.15546149938980575
            ]
        ],
        "huber_measure": 0.23067603647677462,
        "chen_measure": 0.11288750527823771
    },
    {
        "d": 3,
        "eps_d": 0.8,
        "matrix": [
            [
                0.076416772043913,
                0.0,
                0.0,
                -1.3877787807814457e-17,
                0.0,
                7.806255641895632e-18,
                1.734723475976807e-18,
                0.0
            ],
            [
                0.0,
                0.10842507274170379,
                -0.07306487854967993,
                0.0,
                0.051023867842773664,
                0.0,
                0.0,
                -1.734723475976807e-18
            ],
            [
                0.0,
                -0.07306487854967993,
                0.11470558551371851,
                0.0,
                -0.07306487854967986,
                0.0,
                0.0,
                6.071532165918825e-18
            ],
            [
                -1.3877787807814457e-17,
                0.0,
                0.0,
                0.1380727564029462,
                0.0,
                -0.09663197105092455,
                0.06720032139527053,
                0.0
            ],
            [
                0.0,
                0.051023867842773664,
                -0.07306487854967986,
                0.0,
                0.1084250727417033,
                0.0,
                0.0,
                -1.3877787807814457e-17
            ],
            [
                7.806255641895632e-18,
                0.0,
                0.0,
                -0.09663197105092455,
                0.0,
                0.15378918115297396,
                -0.09663197105092357,
                0.0
            ],
            [
                1.734723475976807e-18,
                0.0,
                0.0,
                0.06720032139527053,
                0.0,
                -0.09663197105092357,
                0.1380727564029443,
                0.0
            ],
            [
                0.0,
                -1.734723475976807e-18,
                6.071532165918825e-18,
                0.0,
                -1.3877787807814457e-17,
                0.0,
                0.0,
                0.16209280300009693
            ]
        ],
        "huber_measure": 0.23014239304305845,
        "chen_measure": 0.1138513741752328
    },
    {
        "d": 3,
        "eps_d": 0.8999999999999999,
        "matrix": [
            [
                0.0725131458791283,
                0.0,
                0.0,
                6.938893903907228e-18,
                0.0,
                6.071532165918825e-18,
                -5.204170427930421e-18,
                0.0
            ],
            [
                0.0,
                0.10619057320818381,
                -0.0713837494313024,
                0.0,
                0.049883173737723746,
                0.0,
                0.0,
                5.204170427930421e-18
            ],
            [
                0.0,
                -0.0713837494313024,
                0.11193174809420378,
                0.0,
                -0.071383749431303,
                0.0,
                0.0,
                4.336808689942018e-18
            ],
            [
                6.938893903907228e-18,
                0.0,
                0.0,
                0.1393960321467106,
                0.0,
                -0.09770065208687569,
                0.06794786129058769,
                0.0
            ],
            [
                0.0,
                0.049883173737723746,
                -0.071383749431303,
                0.0,
                0.10619057320818323,
                0.0,
                0.0,
                6.938893903907228e-18
            ],
            [
                6.071532165918825e-18,
                0.0,
                0.0,
                -0.09770065208687569,
                0.0,
                0.1554948917980904,
                -0.09770065208687437,
                0.0
            ],
            [
                -5.204170427930421e-18,
                0.0,
                0.0,
                0.06794786129058769,
                0.0,
                -0.09770065208687437,
                0.13939603214670876,
                0.0
            ],
            [
                0.0,
                5.204170427930421e-18,
                4.336808689942018e-18,
                0.0,
                6.938893903907228e-18,
                0.0,
                0.0,
                0.16888700351879116
            ]
        ],
        "huber_measure": 0.22951312841464042,
        "chen_measure": 0.11496182376208067
    },
    {
        "d": 3,
        "eps_d": 1.0,
        "matrix": [
            [
                0.06877074600306916,
                0.0,
                0.0,
                0.0,
                0.0,
                -8.673617379884035e-18,
                1.474514954580286e-17,
                0.0
            ],
            [
                0.0,
                0.10393174837007023,
                -0.06969984837881947,
                0.0,
                0.04874119461760906,
                0.0,
                0.0,
                1.3010426069826053e-17
            ],
            [
                0.0,
                -0.06969984837881947,
                0.1091629436628569,
                0.0,
                -0.06969984837881919,
                0.0,
                0.0,
                -5.204170427930421e-18
            ],
            [
                0.0,
                0.0,
                0.0,
                0.1406452397771699,
                0.0,
                -0.09870076547846461,
                0.06864899815868769,
                0.0
            ],
            [
                0.0,
                0.04874119461760906,
                -0.06969984837881919,
                0.0,
                0.10393174837006956,
                0.0,
                0.0,
                -1.3877787807814457e-17
            ],
            [
                -8.673617379884035e-18,
                0.0,
                0.0,
                -0.09870076547846461,
                0.0,
                0.1570697147386652,
                -0.09870076547846343,
                0.0
            ],
            [
                1.474514954580286e-17,
                0.0,
                0.0,
                0.06864899815868769,
                0.0,
                -0.09870076547846343,
                0.14064523977716772,
                0.0
            ],
            [
                0.0,
                1.3010426069826053e-17,
                -5.204170427930421e-18,
                0.0,
                -1.3877787807814457e-17,
                0.0,
                0.0,
                0.17584261930093129
            ]
        ],
        "huber_measure": 0.22876492398164439,
        "chen_measure": 0.11578951889241755
    },
    {
        "d": 3,
        "eps_d": 1.0999999999999999,
        "matrix": [
            [
                0.06518603568954304,
                0.0,
                0.0,
                6.938893903907228e-18,
                0.0,
                4.336808689942018e-18,
                -8.673617379884035e-18,
                0.0
            ],
            [
                0.0,
                0.10165196369016116,
                -0.06801601897569495,
                0.0,
                0.04759961330886626,
                0.0,
                0.0,
                -5.204170427930421e-18
            ],
            [
                0.0,
                -0.06801601897569495,
                0.10640475191966256,
                0.0,
                -0.06801601897569372,
                0.0,
                0.0,
                -4.336808689942018e-18
            ],
            [
                6.938893903907228e-18,
                0.0,
                0.0,
                0.14181952528913072,
                0.0,
                -0.09962956213922464,
                0.06930144209406032,
                0.0
            ],
            [
                0.0,
                0.04759961330886626,
                -0.06801601897569372,
                0.0,
                0.10165196369016069,
                0.0,
                0.0,
                -6.938893903907228e-18
            ],
            [
                4.336808689942018e-18,
                0.0,
                0.0,
                -0.09962956213922464,
                0.0,
                0.15850783101937,
                -0.0996295621392245,
                0.0
            ],
            [
                -8.673617379884035e-18,
                0.0,
                0.0,
                0.06930144209406032,
                0.0,
                -0.0996295621392245,
                0.14181952528912933,
                0.0
            ],
            [
                0.0,
                -5.204170427930421e-18,
                -4.336808689942018e-18,
                0.0,
                -6.938893903907228e-18,
                0.0,
                0.0,
                0.18295840341284253
            ]
        ],
        "huber_measure": 0.22789251907393868,
        "chen_measure": 0.11630909377028968
    },
    {
        "d": 3,
        "eps_d": 1.2000000000000002,
        "matrix": [
            [
                0.061755151844989475,
                0.0,
                0.0,
                0.0,
                0.0,
                -1.734723475976807e-17,
                -5.204170427930421e-18,
                0.0
            ],
            [
                0.0,
                0.09935444819812815,
                -0.06633486024401007,
                0.0,
                0.04645992723112689,
                0.0,
                0.0,
                -8.673617379884035e-18
            ],
            [
                0.0,
                -0.06633486024401007,
                0.10366223406069817,
                0.0,
                -0.06633486024400874,
                0.0,
                0.0,
                -1.3877787807814457e-17
            ],
            [
                0.0,
                0.0,
                0.0,
                0.1429182344909226,
                0.0,
                -0.10048447505065948,
                0.06990295734373661,
                0.0
            ],
            [
                0.0,
                0.04645992723112689,
                -0.06633486024400874,
                0.0,
                0.09935444819812782,
                0.0,
                0.0,
                0.0
            ],
            [
                -1.734723475976807e-17,
                0.0,
                0.0,
                -0.10048447505065948,
                0.0,
                0.1598038283512795,
                -0.10048447505065893,
                0.0
            ],
            [
                -5.204170427930421e-18,
                0.0,
                0.0,
                0.06990295734373661,
                0.0,
                -0.10048447505065893,
                0.14291823449092184,
                0.0
            ],
            [
                0.0,
                -8.673617379884035e-18,
                -1.3877787807814457e-17,
                0.0,
                0.0,
                0.0,
                0.0,
                0.1902334203649324
            ]
        ],
        "huber_measure": 0.22692007016537824,
        "chen_measure": 0.11705510758642074
    },
    {
        "d": 3,
        "eps_d": 1.3,
        "matrix": [
            [
                0.05847394559535269,
                0.0,
                0.0,
                6.938893903907228e-18,
                0.0,
                -1.1275702593849246e-17,
                1.0408340855860843e-17,
                0.0
            ],
            [
                0.0,
                0.0970422706788696,
                -0.0646587191204665,
                0.0,
                0.045323444858159874,
                0.0,
                0.0,
                1.734723475976807e-17
            ],
            [
                0.0,
                -0.0646587191204665,
                0.10093992438023199,
                0.0,
                -0.06465871912046638,
                0.0,
                0.0,
                -2.6020852139652106e-18
            ],
            [
                6.938893903907228e-18,
                0.0,
                0.0,
                0.1439408898576753,
                0.0,
                -0.10126310679316212,
                0.07045134570846405,
                0.0
            ],
            [
                0.0,
                0.045323444858159874,
                -0.06465871912046638,
                0.0,
                0.09704227067886965,
                0.0,
                0.0,
                6.938893903907228e-18
            ],
            [
                -1.1275702593849246e-17,
                0.0,
                0.0,
                -0.10126310679316212,
                0.0,
                0.16095268715595426,
                -0.1012631067931618,
                0.0
            ],
            [
                1.0408340855860843e-17,
                0.0,
                0.0,
                0.07045134570846405,
                0.0,
                -0.1012631067931618,
                0.14394088985767597,
                0.0
            ],
            [
                0.0,
                1.734723475976807e-17,
                -2.6020852139652106e-18,
                0.0,
                6.938893903907228e-18,
                0.0,
                0.0,
                0.19766712179537047
            ]
        ],
        "huber_measure": 0.22579516845778863,
        "chen_measure": 0.11754778437909014
    },
    {
        "d": 3,
        "eps_d": 1.4,
        "matrix": [
            [
                0.05533802447166916,
                0.0,
                0.0,
                0.0,
                0.0,
                1.5612511283791264e-17,
                -1.734723475976807e-18,
                0.0
            ],
            [
                0.0,
                0.09471831923655302,
                -0.06298968635153052,
                0.0,
                0.04419128447924201,
                0.0,
                0.0,
                1.734723475976807e-18
            ],
            [
                0.0,
                -0.06298968635153052,
                0.09824182917376893,
                0.0,
                -0.06298968635152888,
                0.0,
                0.0,
                2.2551405187698492e-17
            ],
            [
                0.0,
                0.0,
                0.0,
                0.14488716409300428,
                0.0,
                -0.10196321240677803,
                0.07094442562746045,
                0.0
            ],
            [
                0.0,
                0.04419128447924201,
                -0.06298968635152888,
                0.0,
                0.09471831923655279,
                0.0,
                0.0,
                0.0
            ],
            [
                1.5612511283791264e-17,
                0.0,
                0.0,
                -0.10196321240677803,
                0.0,
                0.16194975888430926,
                -0.1019632124067788,
                0.0
            ],
            [
                -1.734723475976807e-18,
                0.0,
                0.0,
                0.07094442562746045,
                0.0,
                -0.1019632124067788,
                0.1448871640930043,
                0.0
            ],
            [
                0.0,
                1.734723475976807e-18,
                2.2551405187698492e-17,
                0.0,
                0.0,
                0.0,
                0.0,
                0.20525942081113813
            ]
        ],
        "huber_measure": 0.22456907753156058,
        "chen_measure": 0.11789441429132755
    },
    {
        "d": 3,
        "eps_d": 1.5,
        "matrix": [
            [
                0.052342795050618625,
                0.0,
                0.0,
                0.0,
                0.0,
                -1.734723475976807e-18,
                -5.204170427930421e-18,
                0.0
            ],
            [
                0.0,
                0.09238528439501804,
                -0.06132959543406305,
                0.0,
                0.04306437497117763,
                0.0,
                0.0,
                5.204170427930421e-18
            ],
            [
                0.0,
                -0.06132959543406305,
                0.09557143192523739,
                0.0,
                -0.061329595434062745,
                0.0,
                0.0,
                1.734723475976807e-18
            ],
            [
                0.0,
                0.0,
                0.0,
                0.14575685066505117,
                0.0,
                -0.10258267810806335,
                0.07138000721631403,
                0.0
            ],
            [
                0.0,
                0.04306437497117763,
                -0.061329595434062745,
                0.0,
                0.09238528439501796,
                0.0,
                0.0,
                0.0
            ],
            [
                -1.734723475976807e-18,
                0.0,
                0.0,
                -0.10258267810806335,
                0.0,
                0.16279073818448608,
                -0.10258267810806196,
                0.0
            ],
            [
                -5.204170427930421e-18,
                0.0,
                0.0,
                0.07138000721631403,
                0.0,
                -0.10258267810806196,
                0.14575685066505,
                0.0
            ],
            [
                0.0,
                5.204170427930421e-18,
                1.734723475976807e-18,
                0.0,
                0.0,
                0.0,
                0.0,
                0.21301076471952074
            ]
        ],
        "huber_measure": 0.22319366979653374,
        "chen_measure": 0.11822899455193207
    },
    {
        "d": 3,
        "eps_d": 1.6,
        "matrix": [
            [
                0.04948350508514367,
                0.0,
                0.0,
                6.938893903907228e-18,
                0.0,
                -8.673617379884035e-19,
                -5.204170427930421e-18,
                0.0
            ],
            [
                0.0,
                0.09004564585270586,
                -0.05968002421479896,
                0.0,
                0.04194345829102725,
                0.0,
                0.0,
                -8.673617379884035e-18
            ],
            [
                0.0,
                -0.05968002421479896,
                0.09293170370869652,
                0.0,
                -0.05968002421479895,
                0.0,
                0.0,
                8.673617379884035e-19
            ],
            [
                6.938893903907228e-18,
                0.0,
                0.0,
                0.14654983150149076,
                0.0,
                -0.10311949646320119,
                0.07175586359112626,
                0.0
            ],
            [
                0.0,
                0.04194345829102725,
                -0.05968002421479895,
                0.0,
                0.09004564585270608,
                0.0,
                0.0,
                6.938893903907228e-18
            ],
            [
                -8.673617379884035e-19,
                0.0,
                0.0,
                -0.10311949646320119,
                0.0,
                0.16347163071211124,
                -0.10311949646320043,
                0.0
            ],
            [
                -5.204170427930421e-18,
                0.0,
                0.0,
                0.07175586359112626,
                0.0,
                -0.10311949646320043,
                0.1465498315014893,
                0.0
            ],
            [
                0.0,
                -8.673617379884035e-18,
                8.673617379884035e-19,
                0.0,
                6.938893903907228e-18,
                0.0,
                0.0,
                0.22092220578565658
            ]
        ],
        "huber_measure": 0.22169035071346516,
        "chen_measure": 0.11832078945867101
    },
    {
        "d": 3,
        "eps_d": 1.7,
        "matrix": [
            [
                0.0467552843629912,
                0.0,
                0.0,
                -1.3877787807814457e-17,
                0.0,
                -8.673617379884035e-18,
                1.3877787807814457e-17,
                0.0
            ],
            [
                0.0,
                0.08770166300604,
                -0.05804229878905924,
                0.0,
                0.04082909343301445,
                0.0,
                0.0,
                1.3877787807814457e-17
            ],
            [
                0.0,
                -0.05804229878905924,
                0.09032511775755435,
                0.0,
                -0.05804229878906012,
                0.0,
                0.0,
                -1.214306433183765e-17
            ],
            [
                -1.3877787807814457e-17,
                0.0,
                0.0,
                0.14726604194245538,
                0.0,
                -0.10357173869380246,
                0.07206969889236159,
                0.0
            ],
            [
                0.0,
                0.04082909343301445,
                -0.05804229878906012,
                0.0,
                0.08770166300603972,
                0.0,
                0.0,
                -1.3877787807814457e-17
            ],
            [
                -8.673617379884035e-18,
                0.0,
                0.0,
                -0.10357173869380246,
                0.0,
