[
    {
        "d": 5,
        "eps_d": 0.0,
        "matrix": [
            [
                0.12094683474790825,
                0.0,
                0.0,
                6.938893903907228e-18,
                0.0,
                -7.241733051772092e-18,
                2.4793901097554638e-18,
                0.0
            ],
            [
                0.0,
                0.12500000000000122,
                -0.06609892765054406,
                0.0,
                0.04645946593719457,
                0.0,
                0.0,
                -2.4793901097554638e-18
            ],
            [
                0.0,
                -0.06609892765054406,
                0.12905316525209454,
                0.0,
                -0.06609892765054426,
                0.0,
                0.0,
                -6.636054756042365e-18
            ],
            [
                6.938893903907228e-18,
                0.0,
                0.0,
                0.1250000000000009,
                0.0,
                -0.06609892765054429,
                0.04645946593719428,
                0.0
            ],
            [
                0.0,
                0.04645946593719457,
                -0.06609892765054426,
                0.0,
                0.12499999999999971,
                0.0,
                0.0,
                6.938893903907228e-18
            ],
            [
                -7.241733051772092e-18,
                0.0,
                0.0,
                -0.06609892765054429,
                0.0,
                0.12905316525209248,
                -0.06609892765054234,
                0.0
            ],
            [
                2.4793901097554638e-18,
                0.0,
                0.0,
                0.04645946593719428,
                0.0,
                -0.06609892765054234,
                0.12499999999999818,
                0.0
            ],
            [
                0.0,
                -2.4793901097554638e-18,
                -6.636054756042365e-18,
                0.0,
                6.938893903907228e-18,
                0.0,
                0.0,
                0.12094683474790473
            ]
        ],
        "huber_measure": 0.1696003272550149,
        "chen_measure": 0.08784642283640076
    },
    {
        "d": 5,
        "eps_d": 0.1,
        "matrix": [
            [
                0.11752066856823815,
                0.0,
                0.0,
                0.0,
                0.0,
                -4.6349642873755315e-18,
                -1.734723475976807e-18,
                0.0
            ],
            [
                0.0,
                0.12385137816782475,
                -0.06542552525674339,
                0.0,
                0.04599763786422576,
                0.0,
                0.0,
                1.734723475976807e-18
            ],
            [
                0.0,
                -0.06542552525674339,
                0.12767097795183613,
                0.0,
                -0.06542552525674467,
                0.0,
                0.0,
                -2.303929616531697e-18
            ],
            [
                0.0,
                0.0,
                0.0,
                0.12612615607481895,
                0.0,
                -0.06676049620021779,
                0.04691293326416841,
                0.0
            ],
            [
                0.0,
                0.04599763786422576,
                -0.06542552525674467,
                0.0,
                0.12385137816782443,
                0.0,
                0.0,
                0.0
            ],
            [
                -4.6349642873755315e-18,
                0.0,
                0.0,
                -0.06676049620021779,
                0.0,
                0.13041348042926867,
                -0.06676049620021651,
                0.0
            ],
            [
                -1.734723475976807e-18,
                0.0,
                0.0,
                0.04691293326416841,
                0.0,
                -0.06676049620021651,
                0.12612615607481903,
                0.0
            ],
            [
                0.0,
                1.734723475976807e-18,
                -2.303929616531697e-18,
                0.0,
                0.0,
                0.0,
                0.0,
                0.12443980456536989
            ]
        ],
        "huber_measure": 0.16958918051922606,
        "chen_measure": 0.08782663894643539
    },
    {
        "d": 5,
        "eps_d": 0.2,
        "matrix": [
            [
                0.11416152118162713,
                0.0,
                0.0,
                -6.938893903907228e-18,
                0.0,
                4.933119884809045e-18,
                -5.421010862427522e-19,
                0.0
            ],
            [
                0.0,
                0.12268106724427393,
                -0.06474092006898419,
                0.0,
                0.04552788630830189,
                0.0,
                0.0,
                5.421010862427522e-19
            ],
            [
                0.0,
                -0.06474092006898419,
                0.12626839784306224,
                0.0,
                -0.06474092006898327,
                0.0,
                0.0,
                2.0057740190981832e-18
            ],
            [
                -6.938893903907228e-18,
                0.0,
                0.0,
                0.12722909812515423,
                0.0,
                -0.06740960782381797,
                0.04735760720183777,
                0.0
            ],
            [
                0.0,
                0.04552788630830189,
                -0.06474092006898327,
                0.0,
                0.12268106724427442,
                0.0,
                0.0,
                -6.938893903907228e-18
            ],
            [
                4.933119884809045e-18,
                0.0,
                0.0,
                -0.06740960782381797,
                0.0,
                0.13175045328298463,
                -0.06740960782381936,
                0.0
            ],
            [
                -5.421010862427522e-19,
                0.0,
                0.0,
                0.04735760720183777,
                0.0,
                -0.06740960782381936,
                0.12722909812515473,
                0.0
            ],
            [
                0.0,
                5.421010862427522e-19,
                2.0057740190981832e-18,
                0.0,
                -6.938893903907228e-18,
                0.0,
                0.0,
                0.12799929695346865
            ]
        ],
        "huber_measure": 0.16954745705189084,
        "chen_measure": 0.08776727763089785
    },
    {
        "d": 5,
        "eps_d": 0.3,
        "matrix": [
            [
                0.11086954029352981,
                0.0,
                0.0,
                0.0,
                0.0,
                -8.131516293641283e-18,
                -6.505213034913027e-19,
                0.0
            ],
            [
                0.0,
                0.12148987019531418,
                -0.06404574930920581,
                0.0,
                0.04505065194745485,
                0.0,
                0.0,
                6.505213034913027e-19
            ],
            [
                0.0,
                -0.06404574930920581,
                0.12484690887738392,
                0.0,
                -0.06404574930920572,
                0.0,
                0.0,
                -5.7462715141731735e-18
            ],
            [
                0.0,
                0.0,
                0.0,
                0.1283081082171009,
                0.0,
                -0.06804564914819629,
                0.04779306086587533,
                0.0
            ],
            [
                0.0,
                0.04505065194745485,
                -0.06404574930920572,
                0.0,
                0.12148987019531433,
                0.0,
                0.0,
                0.0
            ],
            [
                -8.131516293641283e-18,
                0.0,
                0.0,
                -0.06804564914819629,
                0.0,
                0.13306262715129513,
                -0.06804564914819664,
                0.0
            ],
            [
                -6.505213034913027e-19,
                0.0,
                0.0,
                0.04779306086587533,
                0.0,
                -0.06804564914819664,
                0.1283081082171014,
                0.0
            ],
            [
                0.0,
                6.505213034913027e-19,
                -5.7462715141731735e-18,
                0.0,
                0.0,
                0.0,
                0.0,
                0.1316249668529603
            ]
        ],
        "huber_measure": 0.16945112332801593,
        "chen_measure": 0.08766851780374717
    },
    {
        "d": 5,
        "eps_d": 0.4,
        "matrix": [
            [
                0.10764480501405899,
                0.0,
                0.0,
                -1.3877787807814457e-17,
                0.0,
                9.107298248878237e-18,
                -1.1058862159352145e-17,
                0.0
            ],
            [
                0.0,
                0.12027861403895633,
                -0.06334065453555345,
                0.0,
                0.04456637761829675,
                0.0,
                0.0,
                -1.6696713456276768e-17
            ],
            [
                0.0,
                -0.06334065453555345,
                0.12340799515596344,
                0.0,
                -0.06334065453555482,
                0.0,
                0.0,
                1.1709383462843448e-17
            ],
            [
                -1.3877787807814457e-17,
                0.0,
                0.0,
                0.12936250050632836,
                0.0,
                -0.06866801817743418,
                0.04821887419149486,
                0.0
            ],
            [
                0.0,
                0.04456637761829675,
                -0.06334065453555482,
                0.0,
                0.12027861403895704,
                0.0,
                0.0,
                -1.3877787807814457e-17
            ],
            [
                9.107298248878237e-18,
                0.0,
                0.0,
                -0.06866801817743418,
                0.0,
                0.13434856323971597,
                -0.06866801817743358,
                0.0
            ],
            [
                -1.1058862159352145e-17,
                0.0,
                0.0,
                0.04821887419149486,
                0.0,
                -0.06866801817743358,
                0.12936250050632936,
                0.0
            ],
            [
                0.0,
                -1.6696713456276768e-17,
                1.1709383462843448e-17,
                0.0,
                -1.3877787807814457e-17,
                0.0,
                0.0,
                0.13531640749969054
            ]
        ],
        "huber_measure": 0.169355042126125,
        "chen_measure": 0.08898694546703005
    },
    {
        "d": 5,
        "eps_d": 0.5,
        "matrix": [
            [
                0.10448732511073092,
                0.0,
                0.0,
                -6.938893903907228e-18,
                0.0,
                7.589415207398531e-18,
                -8.239936510889834e-18,
                0.0
            ],
            [
                0.0,
                0.11904814746536965,
                -0.06262627978440502,
                0.0,
                0.044075507022021086,
                0.0,
                0.0,
                -5.637851296924623e-18
            ],
            [
                0.0,
                -0.06262627978440502,
                0.1219531364734622,
                0.0,
                -0.06262627978440514,
                0.0,
                0.0,
                6.288372600415926e-18
            ],
            [
                -6.938893903907228e-18,
                0.0,
                0.0,
                0.13039162280501507,
                0.0,
                -0.06927612587357371,
                0.04863463490294114,
                0.0
            ],
            [
                0.0,
                0.044075507022021086,
                -0.06262627978440514,
                0.0,
                0.11904814746536954,
                0.0,
                0.0,
                -6.938893903907228e-18
            ],
            [
                7.589415207398531e-18,
                0.0,
                0.0,
                -0.06927612587357371,
                0.0,
                0.13560684481396573,
                -0.0692761258735736,
                0.0
            ],
            [
                -8.239936510889834e-18,
                0.0,
                0.0,
                0.04863463490294114,
                0.0,
                -0.0692761258735736,
                0.1303916228050154,
                0.0
            ],
            [
                0.0,
                -5.637851296924623e-18,
                6.288372600415926e-18,
                0.0,
                -6.938893903907228e-18,
                0.0,
                0.0,
                0.1390731530610715
            ]
        ],
        "huber_measure": 0.16921970270164102,
        "chen_measure": 0.08954118564602859
    },
    {
        "d": 5,
        "eps_d": 0.6,
        "matrix": [
            [
                0.10139704066104292,
                0.0,
                0.0,
                6.938893903907228e-18,
                0.0,
                4.553649124439119e-18,
                -4.336808689942018e-19,
                0.0
            ],
            [
                0.0,
                0.11779933834356826,
                -0.06190326970670282,
                0.0,
                0.04357848340707216,
                0.0,
                0.0,
                4.336808689942018e-19
            ],
            [
                0.0,
                -0.06190326970670282,
                0.12048380393412786,
                0.0,
                -0.06190326970670124,
                0.0,
                0.0,
                2.3852447794681098e-18
            ],
            [
                6.938893903907228e-18,
                0.0,
                0.0,
                0.13139485795018455,
                0.0,
                -0.06986939763497999,
                0.04903993938051191,
                0.0
            ],
            [
                0.0,
                0.04357848340707216,
                -0.06190326970670124,
                0.0,
                0.11779933834356819,
                0.0,
                0.0,
                6.938893903907228e-18
            ],
            [
                4.553649124439119e-18,
                0.0,
                0.0,
                -0.06986939763497999,
                0.0,
                0.13683608121691082,
                -0.06986939763498168,
                0.0
            ],
            [
                -4.336808689942018e-19,
                0.0,
                0.0,
                0.04903993938051191,
                0.0,
                -0.06986939763498168,
                0.13139485795018505,
                0.0
            ],
            [
                0.0,
                4.336808689942018e-19,
                2.3852447794681098e-18,
                0.0,
                6.938893903907228e-18,
                0.0,
                0.0,
                0.14289468160041227
            ]
        ],
        "huber_measure": 0.16902028059466137,
        "chen_measure": 0.08998733813468528
    },
    {
        "d": 5,
        "eps_d": 0.7000000000000001,
        "matrix": [
            [
                0.09837382210163415,
                0.0,
                0.0,
                6.938893903907228e-18,
                0.0,
                -5.637851296924623e-18,
                1.3010426069826053e-18,
                0.0
            ],
            [
                0.0,
                0.11653307113432392,
                -0.06117226771470751,
                0.0,
                0.04307574824245917,
                0.0,
                0.0,
                2.168404344971009e-18
            ],
            [
                0.0,
                -0.06117226771470751,
                0.11900145567844582,
                0.0,
                -0.061172267714705596,
                0.0,
                0.0,
                -8.239936510889834e-18
            ],
            [
                6.938893903907228e-18,
                0.0,
                0.0,
                0.13237162496658264,
                0.0,
                -0.07044727465884472,
                0.049434393414864115,
                0.0
            ],
            [
                0.0,
                0.04307574824245917,
                -0.061172267714705596,
                0.0,
                0.11653307113432346,
                0.0,
                0.0,
                6.938893903907228e-18
            ],
            [
                -5.637851296924623e-18,
                0.0,
                0.0,
                -0.07044727465884472,
                0.0,
                0.1380349116729134,
                -0.07044727465884601,
                0.0
            ],
            [
                1.3010426069826053e-18,
                0.0,
                0.0,
                0.049434393414864115,
                0.0,
                -0.07044727465884601,
                0.13237162496658247,
                0.0
            ],
            [
                0.0,
                2.168404344971009e-18,
                -8.239936510889834e-18,
                0.0,
                6.938893903907228e-18,
                0.0,
                0.0,
                0.14678041834519415
            ]
        ],
        "huber_measure": 0.1688035947014014,
        "chen_measure": 0.09032824867125673
    },
    {
        "d": 5,
        "eps_d": 0.8,
        "matrix": [
            [
                0.09541747066618074,
                0.0,
                0.0,
                6.938893903907228e-18,
                0.0,
                0.0,
                -6.071532165918825e-18,
                0.0
            ],
            [
                0.0,
                0.11525024422969117,
                -0.0604339141546373,
                0.0,
                0.04256773989534794,
                0.0,
                0.0,
                -7.806255641895632e-18
            ],
            [
                0.0,
                -0.0604339141546373,
                0.11750753275605948,
                0.0,
                -0.060433914154635844,
                0.0,
                0.0,
                0.0
            ],
            [
                6.938893903907228e-18,
                0.0,
                0.0,
                0.13332138001953153,
                0.0,
                -0.07100921517578015,
                0.049817612839721664,
                0.0
            ],
            [
                0.0,
                0.04256773989534794,
                -0.060433914154635844,
                0.0,
                0.11525024422969081,
                0.0,
                0.0,
                0.0
            ],
            [
                0.0,
                0.0,
                0.0,
                -0.07100921517578015,
                0.0,
                0.1392020088459547,
                -0.07100921517578115,
                0.0
            ],
            [
                -6.071532165918825e-18,
                0.0,
                0.0,
                0.049817612839721664,
                0.0,
                -0.07100921517578115,
                0.13332138001953098,
                0.0
            ],
            [
                0.0,
                -7.806255641895632e-18,
                0.0,
                0.0,
                0.0,
                0.0,
                0.0,
                0.15072973923336058
            ]
        ],
        "huber_measure": 0.16856231266620272,
        "chen_measure": 0.09056636120439418
    },
    {
        "d": 5,
        "eps_d": 0.8999999999999999,
        "matrix": [
            [
                0.09252771919982378,
                0.0,
                0.0,
                -1.3877787807814457e-17,
                0.0,
                -7.37257477290143e-18,
                1.474514954580286e-17,
                0.0
            ],
            [
                0.0,
                0.11395176724000991,
                -0.05968884451963116,
                0.0,
                0.04205489232584349,
                0.0,
                0.0,
                1.3010426069826053e-17
            ],
            [
                0.0,
                -0.05968884451963116,
                0.11600345517739644,
                0.0,
                -0.05968884451963138,
                0.0,
                0.0,
                -6.5052130349130266e-18
            ],
            [
                -1.3877787807814457e-17,
                0.0,
                0.0,
                0.1342436171554798,
                0.0,
                -0.07155469554589,
                0.050189224035404864,
                0.0
            ],
            [
                0.0,
                0.04205489232584349,
                -0.05968884451963138,
                0.0,
                0.1139517672400096,
                0.0,
                0.0,
                -1.3877787807814457e-17
            ],
            [
                -7.37257477290143e-18,
                0.0,
                0.0,
                -0.07155469554589,
                0.0,
                0.14033608212156937,
                -0.07155469554588897,
                0.0
            ],
            [
                1.474514954580286e-17,
                0.0,
                0.0,
                0.050189224035404864,
                0.0,
                -0.07155469554588897,
                0.13424361715547942,
                0.0
            ],
            [
                0.0,
                1.3010426069826053e-17,
                -6.5052130349130266e-18,
                0.0,
                -1.3877787807814457e-17,
                0.0,
                0.0,
                0.15474197471023174
            ]
        ],
        "huber_measure": 0.16830442203233312,
        "chen_measure": 0.09070419603561683
    },
    {
        "d": 5,
        "eps_d": 1.0,
        "matrix": [
            [
                0.08970423333363911,
                0.0,
                0.0,
                -1.3877787807814457e-17,
                0.0,
                2.168404344971009e-18,
                -6.5052130349130266e-18,
                0.0
            ],
            [
                0.0,
                0.11263855824930463,
                -0.05893768771634056,
                0.0,
                0.04153763381104378,
                0.0,
                0.0,
                -7.37257477290143e-18
            ],
            [
                0.0,
                -0.05893768771634056,
                0.11449061817248793,
                0.0,
                -0.05893768771633919,
                0.0,
                0.0,
                -2.168404344971009e-18
            ],
            [
                -1.3877787807814457e-17,
                0.0,
                0.0,
                0.13513786883011672,
                0.0,
                -0.07208321120744203,
                0.050548864297121354,
                0.0
            ],
            [
                0.0,
                0.04153763381104378,
                -0.05893768771633919,
                0.0,
                0.11263855824930472,
                0.0,
                0.0,
                -1.3877787807814457e-17
            ],
            [
                2.168404344971009e-18,
                0.0,
                0.0,
                -0.07208321120744203,
                0.0,
                0.14143588058696152,
                -0.07208321120744318,
                0.0
            ],
            [
                -6.5052130349130266e-18,
                0.0,
                0.0,
                0.050548864297121354,
                0.0,
                -0.07208321120744318,
                0.135137868830117,
                0.0
            ],
            [
                0.0,
                -7.37257477290143e-18,
                -2.168404344971009e-18,
                0.0,
                -1.3877787807814457e-17,
                0.0,
                0.0,
                0.15881641374806835
            ]
        ],
        "huber_measure": 0.16798502831252327,
        "chen_measure": 0.09074392010439053
    },
    {
        "d": 5,
        "eps_d": 1.1,
        "matrix": [
            [
                0.08694661299897738,
                0.0,
                0.0,
                6.938893903907228e-18,
                0.0,
                -6.5052130349130266e-18,
                6.071532165918825e-18,
                0.0
            ],
            [
                0.0,
                0.1113115410597791,
                -0.05818106439702066,
                0.0,
                0.0410163857093097,
                0.0,
                0.0,
                7.806255641895632e-18
            ],
            [
                0.0,
                -0.05818106439702066,
                0.11297038868145717,
                0.0,
                -0.05818106439701997,
                0.0,
                0.0,
                -7.37257477290143e-18
            ],
            [
                6.938893903907228e-18,
                0.0,
                0.0,
                0.13600370622595567,
                0.0,
                -0.07259427747087566,
                0.050896182063290704,
                0.0
            ],
            [
                0.0,
                0.0410163857093097,
                -0.05818106439701997,
                0.0,
                0.11131154105977917,
                0.0,
                0.0,
                0.0
            ],
            [
                -6.5052130349130266e-18,
                0.0,
                0.0,
                -0.07259427747087566,
                0.0,
                0.14250019568806013,
                -0.07259427747087635,
                0.0
            ],
            [
                6.071532165918825e-18,
                0.0,
                0.0,
                0.050896182063290704,
                0.0,
                -0.07259427747087635,
                0.1360037062259562,
                0.0
            ],
            [
                0.0,
                7.806255641895632e-18,
                -7.37257477290143e-18,
                0.0,
                0.0,
                0.0,
                0.0,
                0.16295230806003516
            ]
        ],
        "huber_measure": 0.1676521637977977,
        "chen_measure": 0.0906882812546978
    },
    {
        "d": 5,
        "eps_d": 1.2,
        "matrix": [
            [
                0.08425439425808252,
                0.0,
                0.0,
                0.0,
                0.0,
                -6.071532165918825e-18,
                1.214306433183765e-17,
                0.0
            ],
            [
                0.0,
                0.10997164244556552,
                -0.057419585367569304,
                0.0,
                0.04049156127455215,
                0.0,
                0.0,
                1.5612511283791264e-17
            ],
            [
                0.0,
                -0.057419585367569304,
                0.11144410209654308,
                0.0,
                -0.05741958536756801,
                0.0,
                0.0,
                -7.806255641895632e-18
            ],
            [
                0.0,
                0.0,
                0.0,
                0.1368407393630694,
                0.0,
                -0.07308743015268819,
                0.05123083700065779,
                0.0
            ],
            [
                0.0,
                0.04049156127455215,
                -0.05741958536756801,
                0.0,
                0.1099716424455655,
                0.0,
                0.0,
                0.0
            ],
            [
                -6.071532165918825e-18,
                0.0,
                0.0,
                -0.07308743015268819,
                0.0,
                0.14352786354720165,
                -0.07308743015268951,
                0.0
            ],
            [
                1.214306433183765e-17,
                0.0,
                0.0,
                0.05123083700065779,
                0.0,
                -0.07308743015268951,
                0.13684073936306942,
                0.0
            ],
            [
                0.0,
                1.5612511283791264e-17,
                -7.806255641895632e-18,
                0.0,
                0.0,
                0.0,
                0.0,
                0.16714887648090293
            ]
        ],
        "huber_measure": 0.16725027305821571,
        "chen_measure": 0.09055427438355841
    },
    {
        "d": 5,
        "eps_d": 1.3,
        "matrix": [
            [
                0.08162705142465385,
                0.0,
                0.0,
                -1.3877787807814457e-17,
                0.0,
                -3.0357660829594124e-18,
                -1.734723475976807e-18,
                0.0
            ],
            [
                0.0,
                0.1086197894350521,
                -0.0566538500803197,
                0.0,
                0.03996356452897685,
                0.0,
                0.0,
                1.734723475976807e-18
            ],
            [
                0.0,
                -0.0566538500803197,
                0.10991305927117827,
                0.0,
                -0.056653850080318105,
                0.0,
                0.0,
                3.0357660829594124e-18
            ],
            [
                -1.3877787807814457e-17,
                0.0,
                0.0,
                0.13764861700829137,
                0.0,
                -0.0735622260454351,
                0.051552499944250506,
                0.0
            ],
            [
                0.0,
                0.03996356452897685,
                -0.056653850080318105,
                0.0,
                0.10861978943505182,
                0.0,
                0.0,
                -1.3877787807814457e-17
            ],
            [
                -3.0357660829594124e-18,
                0.0,
                0.0,
                -0.0735622260454351,
                0.0,
                0.1445177669298452,
                -0.07356222604543591,
                0.0
            ],
            [
                -1.734723475976807e-18,
                0.0,
                0.0,
                0.051552499944250506,
                0.0,
                -0.07356222604543591,
                0.13764861700829104,
                0.0
            ],
            [
                0.0,
                1.734723475976807e-18,
                3.0357660829594124e-18,
                0.0,
                -1.3877787807814457e-17,
                0.0,
                0.0,
                0.17140530948763635
            ]
        ],
        "huber_measure": 0.16685641701775666,
        "chen_measure": 0.09037218391081998
    },
    {
        "d": 5,
        "eps_d": 1.4000000000000001,
        "matrix": [
            [
                0.07906399944571178,
                0.0,
                0.0,
                -6.938893903907228e-18,
                0.0,
                0.0,
                6.938893903907228e-18,
                0.0
            ],
            [
                0.0,
                0.10725690664005806,
                -0.055884445218788846,
                0.0,
                0.039432789201339705,
                0.0,
                0.0,
                3.469446951953614e-18
            ],
            [
                0.0,
                -0.055884445218788846,
                0.1083785238069284,
                0.0,
                -0.055884445218789616,
                0.0,
                0.0,
                0.0
            ],
            [
                -6.938893903907228e-18,
                0.0,
                0.0,
                0.13842702638949472,
                0.0,
                -0.07401824322173953,
                0.051860852691479734,
                0.0
            ],
            [
                0.0,
                0.039432789201339705,
                -0.055884445218789616,
                0.0,
                0.10725690664005812,
                0.0,
                0.0,
                -6.938893903907228e-18
            ],
            [
                0.0,
                0.0,
                0.0,
                -0.07401824322173953,
                0.0,
                0.14546883685373418,
                -0.07401824322173836,
                0.0
            ],
            [
                6.938893903907228e-18,
                0.0,
                0.0,
                0.051860852691479734,
                0.0,
                -0.07401824322173836,
                0.1384270263894951,
                0.0
            ],
            [
                0.0,
                3.469446951953614e-18,
                0.0,
                0.0,
                -6.938893903907228e-18,
                0.0,
                0.0,
                0.17572077383451967
            ]
        ],
        "huber_measure": 0.16637603902463863,
        "chen_measure": 0.0901437726754166
    },
    {
        "d": 5,
        "eps_d": 1.5,
        "matrix": [
            [
                0.0765645965145384,
                0.0,
                0.0,
                0.0,
                0.0,
                1.3877787807814457e-17,
                -6.938893903907228e-18,
                0.0
            ],
            [
                0.0,
                0.10588391364885877,
                -0.055111943379939146,
                0.0,
                0.03889961773630146,
                0.0,
                0.0,
                -1.0408340855860843e-17
            ],
            [
                0.0,
                -0.055111943379939146,
                0.10684171962482042,
                0.0,
                -0.05511194337994174,
                0.0,
                0.0,
                1.3877787807814457e-17
            ],
            [
                0.0,
                0.0,
                0.0,
                0.1391756927226532,
                0.0,
                -0.07445508117176776,
                0.0521555876507655,
                0.0
            ],
            [
                0.0,
                0.03889961773630146,
                -0.05511194337994174,
                0.0,
                0.10588391364885869,
                0.0,
                0.0,
                0.0
            ],
            [
                1.3877787807814457e-17,
                0.0,
                0.0,
                -0.07445508117176776,
                0.0,
                0.1463800538385647,
                -0.07445508117176479,
                0.0
            ],
            [
                -6.938893903907228e-18,
                0.0,
                0.0,
                0.0521555876507655,
                0.0,
                -0.07445508117176479,
                0.1391756927226516,
                0.0
            ],
            [
                0.0,
                -1.0408340855860843e-17,
                1.3877787807814457e-17,
                0.0,
                0.0,
                0.0,
                0.0,
                0.1800944172790542
            ]
        ],
        "huber_measure": 0.16592869283379527,
        "chen_measure": 0.08986862144536321
    },
    {
        "d": 5,
        "eps_d": 1.6,
        "matrix": [
            [
                0.07412814688333723,
                0.0,
                0.0,
                1.3877787807814457e-17,
                0.0,
                -9.540979117872439e-18,
                -8.673617379884035e-19,
                0.0
            ],
            [
                0.0,
                0.10450172249866305,
                -0.05433690185790693,
                0.0,
                0.038364420379126234,
                0.0,
                0.0,
                -2.6020852139652106e-18
            ],
            [
                0.0,
                -0.05433690185790693,
                0.10530382882317753,
                0.0,
                -0.054336901857907204,
                0.0,
                0.0,
                -1.1275702593849246e-17
            ],
            [
                1.3877787807814457e-17,
                0.0,
                0.0,
                0.13989437856011408,
                0.0,
                -0.07487236077517015,
                0.05243640734616907,
                0.0
            ],
            [
                0.0,
                0.038364420379126234,
                -0.054336901857907204,
                0.0,
                0.10450172249866312,
                0.0,
                0.0,
                0.0
            ],
            [
                -9.540979117872439e-18,
                0.0,
                0.0,
                -0.07487236077517015,
                0.0,
                0.1472504487989982,
                -0.07487236077516972,
                0.0
            ],
            [
                -8.673617379884035e-19,
                0.0,
                0.0,
                0.05243640734616907,
                0.0,
                -0.07487236077516972,
                0.13989437856011266,
                0.0
            ],
            [
                0.0,
                -2.6020852139652106e-18,
                -1.1275702593849246e-17,
                0.0,
                0.0,
                0.0,
                0.0,
                0.18452537337693412
            ]
        ],
        "huber_measure": 0.16540829921276626,
        "chen_measure": 0.08954734299389616
    },
    {
        "d": 5,
        "eps_d": 1.7000000000000002,
        "matrix": [
            [
                0.07175390384391643,
                0.0,
                0.0,
                6.938893903907228e-18,
                0.0,
                1.1275702593849246e-17,
                -6.938893903907228e-18,
                0.0
            ],
            [
                0.0,
                0.1031112352416335,
                -0.05355986153167325,
                0.0,
                0.03782755433854667,
                0.0,
                0.0,
                -1.0408340855860843e-17
            ],
            [
                0.0,
                -0.05355986153167325,
                0.10376598982038172,
                0.0,
                -0.05355986153167447,
                0.0,
                0.0,
                9.540979117872439e-18
            ],
            [
                6.938893903907228e-18,
                0.0,
                0.0,
                0.1405828829691045,
                0.0,
                -0.07526972410974202,
                0.052703023780244794,
                0.0
            ],
            [
                0.0,
                0.03782755433854667,
                -0.05355986153167447,
                0.0,
                0.10311123524163386,
                0.0,
                0.0,
                6.938893903907228e-18
            ],
            [
                1.1275702593849246e-17,
                0.0,
                0.0,
                -0.07526972410974202,
