[
    {
        "d": 7,
        "eps_d": 0.0,
        "matrix": [
            [
                0.12293190282123154,
                0.0,
                0.0,
                0.0,
                0.0,
                1.8597652776863036e-17,
                -2.0230425905529053e-17,
                0.0
            ],
            [
                0.0,
                0.12500000000000122,
                -0.055735539882127864,
                0.0,
                0.03929206967922443,
                0.0,
                0.0,
                -2.1402937517914318e-17
            ],
            [
                0.0,
                -0.055735539882127864,
                0.127068097178772,
                0.0,
                -0.05573553988212837,
                0.0,
                0.0,
                1.6096816742673106e-17
            ],
            [
                0.0,
                0.0,
                0.0,
                0.1250000000000008,
                0.0,
                -0.05573553988212816,
                0.03929206967922423,
                0.0
            ],
            [
                0.0,
                0.03929206967922443,
                -0.05573553988212837,
                0.0,
                0.12499999999999967,
                0.0,
                0.0,
                0.0
            ],
            [
                1.8597652776863036e-17,
                0.0,
                0.0,
                -0.05573553988212816,
                0.0,
                0.1270680971787692,
                -0.055735539882126185,
                0.0
            ],
            [
                -2.0230425905529053e-17,
                0.0,
                0.0,
                0.03929206967922423,
                0.0,
                -0.055735539882126185,
                0.12499999999999832,
                0.0
            ],
            [
                0.0,
                -2.1402937517914318e-17,
                1.6096816742673106e-17,
                0.0,
                0.0,
                0.0,
                0.0,
                0.12293190282122723
            ]
        ],
        "huber_measure": 0.1368650124221365,
        "chen_measure": 0.07541777075897138
    },
    {
        "d": 7,
        "eps_d": 0.09999999999999999,
        "matrix": [
            [
                0.12041386030585811,
                0.0,
                0.0,
                6.938893903907228e-18,
                0.0,
                6.505213034913027e-19,
                -1.1384122811097797e-18,
                0.0
            ],
            [
                0.0,
                0.12416680546201615,
                -0.05533497987059763,
                0.0,
                0.039015891097629124,
                0.0,
                0.0,
                1.1384122811097797e-18
            ],
            [
                0.0,
                -0.05533497987059763,
                0.12611603795340157,
                0.0,
                -0.05533497987059663,
                0.0,
                0.0,
                -6.505213034913027e-19
            ],
            [
                6.938893903907228e-18,
                0.0,
                0.0,
                0.12582129678495219,
                0.0,
                -0.05613052367468857,
                0.03956418774340709,
                0.0
            ],
            [
                0.0,
                0.039015891097629124,
                -0.05533497987059663,
                0.0,
                0.12416680546201626,
                0.0,
                0.0,
                6.938893903907228e-18
            ],
            [
                6.505213034913027e-19,
                0.0,
                0.0,
                -0.05613052367468857,
                0.0,
                0.1280088663444753,
                -0.05613052367468971,
                0.0
            ],
            [
                -1.1384122811097797e-18,
                0.0,
                0.0,
                0.03956418774340709,
                0.0,
                -0.05613052367468971,
                0.12582129678495255,
                0.0
            ],
            [
                0.0,
                1.1384122811097797e-18,
                -6.505213034913027e-19,
                0.0,
                6.938893903907228e-18,
                0.0,
                0.0,
                0.12548503090232796
            ]
        ],
        "huber_measure": 0.13682229556365044,
        "chen_measure": 0.0754088101939295
    },
    {
        "d": 7,
        "eps_d": 0.19999999999999998,
        "matrix": [
            [
                0.11793100099207647,
                0.0,
                0.0,
                3.469446951953614e-18,
                0.0,
                9.540979117872439e-18,
                9.75781955236954e-19,
                0.0
            ],
            [
                0.0,
                0.1233220238869116,
                -0.054929037620595686,
                0.0,
                0.038735788623908814,
                0.0,
                0.0,
                -9.75781955236954e-19
            ],
            [
                0.0,
                -0.054929037620595686,
                0.12515318224405433,
                0.0,
                -0.05492903762059631,
                0.0,
                0.0,
                1.1275702593849246e-17
            ],
            [
                3.469446951953614e-18,
                0.0,
                0.0,
                0.12663039279001634,
                0.0,
                -0.0565197397438168,
                0.03983211041105592,
                0.0
            ],
            [
                0.0,
                0.038735788623908814,
                -0.05492903762059631,
                0.0,
                0.12332202388691114,
                0.0,
                0.0,
                3.469446951953614e-18
            ],
            [
                9.540979117872439e-18,
                0.0,
                0.0,
                -0.0565197397438168,
                0.0,
                0.1289378554434545,
                -0.05651973974381595,
                0.0
            ],
            [
                9.75781955236954e-19,
                0.0,
                0.0,
                0.03983211041105592,
                0.0,
                -0.05651973974381595,
                0.12663039279001573,
                0.0
            ],
            [
                0.0,
                -9.75781955236954e-19,
                1.1275702593849246e-17,
                0.0,
                3.469446951953614e-18,
                0.0,
                0.0,
                0.1280731279665598
            ]
        ],
        "huber_measure": 0.13684684828732557,
        "chen_measure": 0.07545697239792286
    },
    {
        "d": 7,
        "eps_d": 0.3,
        "matrix": [
            [
                0.1154834033995348,
                0.0,
                0.0,
                3.469446951953614e-18,
                0.0,
                6.830473686658678e-18,
                7.589415207398531e-18,
                0.0
            ],
            [
                0.0,
                0.12246597326910573,
                -0.05451790931765231,
                0.0,
                0.038451900441463537,
                0.0,
                0.0,
                6.288372600415926e-18
            ],
            [
                0.0,
                -0.05451790931765231,
                0.12418002646752517,
                0.0,
                -0.05451790931765189,
                0.0,
                0.0,
                7.047314121155779e-18
            ],
            [
                3.469446951953614e-18,
                0.0,
                0.0,
                0.12742699306820413,
                0.0,
                -0.05690299932457748,
                0.04009570472810755,
                0.0
            ],
            [
                0.0,
                0.038451900441463537,
                -0.05451790931765189,
                0.0,
                0.12246597326910613,
                0.0,
                0.0,
                3.469446951953614e-18
            ],
            [
                6.830473686658678e-18,
                0.0,
                0.0,
                -0.05690299932457748,
                0.0,
                0.12985457875761017,
                -0.05690299932457815,
                0.0
            ],
            [
                7.589415207398531e-18,
                0.0,
                0.0,
                0.04009570472810755,
                0.0,
                -0.05690299932457815,
                0.12742699306820474,
                0.0
            ],
            [
                0.0,
                6.288372600415926e-18,
                7.047314121155779e-18,
                0.0,
                3.469446951953614e-18,
                0.0,
                0.0,
                0.13069605870070908
            ]
        ],
        "huber_measure": 0.13679282247628285,
        "chen_measure": 0.07582817463273706
    },
    {
        "d": 7,
        "eps_d": 0.39999999999999997,
        "matrix": [
            [
                0.11307112680936071,
                0.0,
                0.0,
                3.469446951953614e-18,
                0.0,
                -7.697835424647081e-18,
                -1.1384122811097797e-17,
                0.0
            ],
            [
                0.0,
                0.12159897845261959,
                -0.05410179307511433,
                0.0,
                0.03816436609581827,
                0.0,
                0.0,
                -9.432558900623889e-18
            ],
            [
                0.0,
                -0.05410179307511433,
                0.1231970691502244,
                0.0,
                -0.05410179307511598,
                0.0,
                0.0,
                -6.179952383167375e-18
            ],
            [
                3.469446951953614e-18,
                0.0,
                0.0,
                0.1282108111222451,
                0.0,
                -0.05728011664656124,
                0.0403548398345162,
                0.0
            ],
            [
                0.0,
                0.03816436609581827,
                -0.05410179307511598,
                0.0,
                0.1215989784526196,
                0.0,
                0.0,
                -3.469446951953614e-18
            ],
            [
                -7.697835424647081e-18,
                0.0,
                0.0,
                -0.05728011664656124,
                0.0,
                0.13075855556780108,
                -0.05728011664655967,
                0.0
            ],
            [
                -1.1384122811097797e-17,
                0.0,
                0.0,
                0.0403548398345162,
                0.0,
                -0.05728011664655967,
                0.12821081112224522,
                0.0
            ],
            [
                0.0,
                -9.432558900623889e-18,
                -6.179952383167375e-18,
                0.0,
                -3.469446951953614e-18,
                0.0,
                0.0,
                0.13335366932288426
            ]
        ],
        "huber_measure": 0.13670731902658184,
        "chen_measure": 0.07631213729940452
    },
    {
        "d": 7,
        "eps_d": 0.5,
        "matrix": [
            [
                0.11069421118924523,
                0.0,
                0.0,
                -6.938893903907228e-18,
                0.0,
                1.1926223897340549e-18,
                6.5052130349130266e-18,
                0.0
            ],
            [
                0.0,
                0.12072137068525181,
                -0.05368088865180237,
                0.0,
                0.03787332629156666,
                0.0,
                0.0,
                7.37257477290143e-18
            ],
            [
                0.0,
                -0.05368088865180237,
                0.12220481019576789,
                0.0,
                -0.0536808886518043,
                0.0,
                0.0,
                -1.1926223897340549e-18
            ],
            [
                -6.938893903907228e-18,
                0.0,
                0.0,
                0.12898156925231585,
                0.0,
                -0.05765090917914985,
                0.04060938712220681,
                0.0
            ],
            [
                0.0,
                0.03787332629156666,
                -0.0536808886518043,
                0.0,
                0.12072137068525206,
                0.0,
                0.0,
                -6.938893903907228e-18
            ],
            [
                1.1926223897340549e-18,
                0.0,
                0.0,
                -0.05765090917914985,
                0.0,
                0.13164931085045392,
                -0.0576509091791481,
                0.0
            ],
            [
                6.5052130349130266e-18,
                0.0,
                0.0,
                0.04060938712220681,
                0.0,
                -0.0576509091791481,
                0.12898156925231613,
                0.0
            ],
            [
                0.0,
                7.37257477290143e-18,
                -1.1926223897340549e-18,
                0.0,
                -6.938893903907228e-18,
                0.0,
                0.0,
                0.13604578788939709
            ]
        ],
        "huber_measure": 0.13665080591202902,
        "chen_measure": 0.07663686014195431
    },
    {
        "d": 7,
        "eps_d": 0.6,
        "matrix": [
            [
                0.1083526771659907,
                0.0,
                0.0,
                6.938893903907228e-18,
                0.0,
                -1.962405932198763e-17,
                1.5178830414797062e-18,
                0.0
            ],
            [
                0.0,
                0.11983348715739701,
                -0.05325539716579963,
                0.0,
                0.0375789226834681,
                0.0,
                0.0,
                -1.5178830414797062e-18
            ],
            [
                0.0,
                -0.05325539716579963,
                0.12120375015482372,
                0.0,
                -0.05325539716580094,
                0.0,
                0.0,
                -1.5070410197548512e-17
            ],
            [
                6.938893903907228e-18,
                0.0,
                0.0,
                0.12973899888066873,
                0.0,
                -0.058015197866126494,
                0.0408592203812869,
                0.0
            ],
            [
                0.0,
                0.0375789226834681,
                -0.05325539716580094,
                0.0,
                0.11983348715739728,
                0.0,
                0.0,
                1.3877787807814457e-17
            ],
            [
                -1.962405932198763e-17,
                0.0,
                0.0,
                -0.058015197866126494,
                0.0,
                0.1325263759577169,
                -0.05801519786612541,
                0.0
            ],
            [
                1.5178830414797062e-18,
                0.0,
                0.0,
                0.0408592203812869,
                0.0,
                -0.05801519786612541,
                0.12973899888066867,
                0.0
            ],
            [
                0.0,
                -1.5178830414797062e-18,
                -1.5070410197548512e-17,
                0.0,
                1.3877787807814457e-17,
                0.0,
                0.0,
                0.13877222464533692
            ]
        ],
        "huber_measure": 0.13656959049598152,
        "chen_measure": 0.07690093138788497
    },
    {
        "d": 7,
        "eps_d": 0.7,
        "matrix": [
            [
                0.10604652604531704,
                0.0,
                0.0,
                0.0,
                0.0,
                1.6263032587282567e-18,
                6.505213034913027e-19,
                0.0
            ],
            [
                0.0,
                0.11893567052712568,
                -0.05282552080553501,
                0.0,
                0.03728129766271464,
                0.0,
                0.0,
                -6.505213034913027e-19
            ],
            [
                0.0,
                -0.05282552080553501,
                0.12019438950024593,
                0.0,
                -0.052825520805535764,
                0.0,
                0.0,
                5.312590645178972e-18
            ],
            [
                0.0,
                0.0,
                0.0,
                0.13048284085225653,
                0.0,
                -0.05837280734853709,
                0.041104215933648096,
                0.0
            ],
            [
                0.0,
                0.03728129766271464,
                -0.052825520805535764,
                0.0,
                0.11893567052712568,
                0.0,
                0.0,
                0.0
            ],
            [
                1.6263032587282567e-18,
                0.0,
                0.0,
                -0.05837280734853709,
                0.0,
                0.1333892892782164,
                -0.05837280734853623,
                0.0
            ],
            [
                6.505213034913027e-19,
                0.0,
                0.0,
                0.041104215933648096,
                0.0,
                -0.05837280734853623,
                0.13048284085225648,
                0.0
            ],
            [
                0.0,
                -6.505213034913027e-19,
                5.312590645178972e-18,
                0.0,
                0.0,
                0.0,
                0.0,
                0.1415327724174562
            ]
        ],
        "huber_measure": 0.13647608930628988,
        "chen_measure": 0.07711080648006255
    },
    {
        "d": 7,
        "eps_d": 0.7999999999999999,
        "matrix": [
            [
                0.10377573987838515,
                0.0,
                0.0,
                6.938893903907228e-18,
                0.0,
                -5.637851296924623e-18,
                6.505213034913027e-19,
                0.0
            ],
            [
                0.0,
                0.11802826843321308,
                -0.05239146253935662,
                0.0,
                0.03698059413950817,
                0.0,
                0.0,
                -6.505213034913027e-19
            ],
            [
                0.0,
                -0.05239146253935662,
                0.11917722791038239,
                0.0,
                -0.052391462539354755,
                0.0,
                0.0,
                -1.3010426069826053e-18
            ],
            [
                6.938893903907228e-18,
                0.0,
                0.0,
                0.1312128457106205,
                0.0,
                -0.05872356617493765,
                0.04134425275329244,
                0.0
            ],
            [
                0.0,
                0.03698059413950817,
                -0.052391462539354755,
                0.0,
                0.11802826843321373,
                0.0,
                0.0,
                6.938893903907228e-18
            ],
            [
                -5.637851296924623e-18,
                0.0,
                0.0,
                -0.05872356617493765,
                0.0,
                0.13423759687567352,
                -0.05872356617493984,
                0.0
            ],
            [
                6.505213034913027e-19,
                0.0,
                0.0,
                0.04134425275329244,
                0.0,
                -0.05872356617493984,
                0.1312128457106211,
                0.0
            ],
            [
                0.0,
                -6.505213034913027e-19,
                -1.3010426069826053e-18,
                0.0,
                6.938893903907228e-18,
                0.0,
                0.0,
                0.1443272070478905
            ]
        ],
        "huber_measure": 0.13632416695195376,
        "chen_measure": 0.07726621198381489
    },
    {
        "d": 7,
        "eps_d": 0.8999999999999999,
        "matrix": [
            [
                0.10154028157437558,
                0.0,
                0.0,
                3.469446951953614e-18,
                0.0,
                -1.0408340855860843e-17,
                -1.0842021724855044e-18,
                0.0
            ],
            [
                0.0,
                0.11711163299787156,
                -0.051953425824758426,
                0.0,
                0.03667695532305108,
                0.0,
                0.0,
                1.0842021724855044e-18
            ],
            [
                0.0,
                -0.051953425824758426,
                0.11815276356342691,
                0.0,
                -0.05195342582475661,
                0.0,
                0.0,
                -1.0408340855860843e-17
            ],
            [
                3.469446951953614e-18,
                0.0,
                0.0,
                0.13192877394841668,
                0.0,
                -0.05906730699814407,
                0.041579212572733004,
                0.0
            ],
            [
                0.0,
                0.03667695532305108,
                -0.05195342582475661,
                0.0,
                0.11711163299787139,
                0.0,
                0.0,
                -3.469446951953614e-18
            ],
            [
                -1.0408340855860843e-17,
                0.0,
                0.0,
                -0.05906730699814407,
                0.0,
                0.13507085310267025,
                -0.059067306998145566,
                0.0
            ],
            [
                -1.0842021724855044e-18,
                0.0,
                0.0,
                0.041579212572733004,
                0.0,
                -0.059067306998145566,
                0.1319287739484168,
                0.0
            ],
            [
                0.0,
                1.0842021724855044e-18,
                -1.0408340855860843e-17,
                0.0,
                -3.469446951953614e-18,
                0.0,
                0.0,
                0.1471552878669508
            ]
        ],
        "huber_measure": 0.13622417976494838,
        "chen_measure": 0.07737029843761865
    },
    {
        "d": 7,
        "eps_d": 1.0,
        "matrix": [
            [
                0.09934009505816933,
                0.0,
                0.0,
                0.0,
                0.0,
                5.421010862427522e-18,
                -2.6020852139652106e-18,
                0.0
            ],
            [
                0.0,
                0.11618612032095049,
                -0.05151161431843205,
                0.0,
                0.03637052450004515,
                0.0,
                0.0,
                -4.336808689942018e-18
            ],
            [
                0.0,
                -0.05151161431843205,
                0.11712149244553967,
                0.0,
                -0.0515116143184322,
                0.0,
                0.0,
                8.456776945386935e-18
            ],
            [
                0.0,
                0.0,
                0.0,
                0.13263039623210898,
                0.0,
                -0.059403866757672175,
                0.041808979974888576,
                0.0
            ],
            [
                0.0,
                0.03637052450004515,
                -0.0515116143184322,
                0.0,
                0.11618612032095045,
                0.0,
                0.0,
                6.938893903907228e-18
            ],
            [
                5.421010862427522e-18,
                0.0,
                0.0,
                -0.059403866757672175,
                0.0,
                0.13588862118703815,
                -0.059403866757672105,
                0.0
            ],
            [
                -2.6020852139652106e-18,
                0.0,
                0.0,
                0.041808979974888576,
                0.0,
                -0.059403866757672105,
                0.13263039623210873,
                0.0
            ],
            [
                0.0,
                -4.336808689942018e-18,
                8.456776945386935e-18,
                0.0,
                6.938893903907228e-18,
                0.0,
                0.0,
                0.1500167582031342
            ]
        ],
        "huber_measure": 0.1360701262349384,
        "chen_measure": 0.07742534287433285
    },
    {
        "d": 7,
        "eps_d": 1.1,
        "matrix": [
            [
                0.09717510547180737,
                0.0,
                0.0,
                1.3877787807814457e-17,
                0.0,
                2.168404344971009e-19,
                7.37257477290143e-18,
                0.0
            ],
            [
                0.0,
                0.11525208996742779,
                -0.05106623158817657,
                0.0,
                0.036061444812752357,
                0.0,
                0.0,
                6.5052130349130266e-18
            ],
            [
                0.0,
                -0.05106623158817657,
                0.11608390767508224,
                0.0,
                -0.05106623158817768,
                0.0,
                0.0,
                -2.168404344971009e-19
            ],
            [
                1.3877787807814457e-17,
                0.0,
                0.0,
                0.1333174936004706,
                0.0,
                -0.059733086847209085,
                0.04203344247004603,
                0.0
            ],
            [
                0.0,
                0.036061444812752357,
                -0.05106623158817768,
                0.0,
                0.11525208996742746,
                0.0,
                0.0,
                0.0
            ],
            [
                2.168404344971009e-19,
                0.0,
                0.0,
                -0.059733086847209085,
                0.0,
                0.13669047378873767,
                -0.05973308684720806,
                0.0
            ],
            [
                7.37257477290143e-18,
                0.0,
                0.0,
                0.04203344247004603,
                0.0,
                -0.05973308684720806,
                0.13331749360047,
                0.0
            ],
            [
                0.0,
                6.5052130349130266e-18,
                -2.168404344971009e-19,
                0.0,
                0.0,
                0.0,
                0.0,
                0.15291134592857694
            ]
        ],
        "huber_measure": 0.13586139683298304,
        "chen_measure": 0.07743238954481374
    },
    {
        "d": 7,
        "eps_d": 1.2,
        "matrix": [
            [
                0.09504521941850821,
                0.0,
                0.0,
                1.3877787807814457e-17,
                0.0,
                9.540979117872439e-18,
                -1.0408340855860843e-17,
                0.0
            ],
            [
                0.0,
                0.11430990445000733,
                -0.05061748082782676,
                0.0,
                0.035749859037726844,
                0.0,
                0.0,
                -3.469446951953614e-18
            ],
            [
                0.0,
                -0.05061748082782676,
                0.11504049884555947,
                0.0,
                -0.0506174808278264,
                0.0,
                0.0,
                1.1275702593849246e-17
            ],
            [
                1.3877787807814457e-17,
                0.0,
                0.0,
                0.13398985763668061,
                0.0,
                -0.060054813266443616,
                0.04225249055746186,
                0.0
            ],
            [
                0.0,
                0.035749859037726844,
                -0.0506174808278264,
                0.0,
                0.11430990445000713,
                0.0,
                0.0,
                1.3877787807814457e-17
            ],
            [
                9.540979117872439e-18,
                0.0,
                0.0,
                -0.060054813266443616,
                0.0,
                0.13747599352489295,
                -0.060054813266443394,
                0.0
            ],
            [
                -1.0408340855860843e-17,
                0.0,
                0.0,
                0.04225249055746186,
                0.0,
                -0.060054813266443394,
                0.13398985763668017,
                0.0
            ],
            [
                0.0,
                -3.469446951953614e-18,
                1.1275702593849246e-17,
                0.0,
                1.3877787807814457e-17,
                0.0,
                0.0,
                0.15583876403766408
            ]
        ],
        "huber_measure": 0.13568639688045153,
        "chen_measure": 0.07739845714030849
    },
    {
        "d": 7,
        "eps_d": 1.3,
        "matrix": [
            [
                0.092950325247398,
                0.0,
                0.0,
                0.0,
                0.0,
                -6.505213034913027e-19,
                6.938893903907228e-18,
                0.0
            ],
            [
                0.0,
                0.11335992870862732,
                -0.05016556457612274,
                0.0,
                0.03543590936614693,
                0.0,
                0.0,
                6.938893903907228e-18
            ],
            [
                0.0,
                -0.05016556457612274,
                0.11399175138916383,
                0.0,
                -0.0501655645761227,
                0.0,
                0.0,
                6.505213034913027e-19
            ],
            [
                0.0,
                0.0,
                0.0,
                0.13464729061392208,
                0.0,
                -0.06036889675674899,
                0.04246601777131329,
                0.0
            ],
            [
                0.0,
                0.03543590936614693,
                -0.0501655645761227,
                0.0,
                0.11335992870862711,
                0.0,
                0.0,
                0.0
            ],
            [
                -6.505213034913027e-19,
                0.0,
                0.0,
                -0.06036889675674899,
                0.0,
                0.138244773461345,
                -0.060368896756748794,
                0.0
            ],
            [
                6.938893903907228e-18,
                0.0,
                0.0,
                0.04246601777131329,
                0.0,
                -0.060368896756748794,
                0.13464729061392158,
                0.0
            ],
            [
                0.0,
                6.938893903907228e-18,
                6.505213034913027e-19,
                0.0,
                0.0,
                0.0,
                0.0,
                0.15879871125699505
            ]
        ],
        "huber_measure": 0.13548732359186436,
        "chen_measure": 0.07734435881421917
    },
    {
        "d": 7,
        "eps_d": 1.4,
        "matrix": [
            [
                0.09089029337729129,
                0.0,
                0.0,
                -3.469446951953614e-18,
                0.0,
                6.5052130349130266e-18,
                6.071532165918825e-18,
                0.0
            ],
            [
                0.0,
                0.11240252958869969,
                -0.04971068444049939,
                0.0,
                0.035119737186712414,
                0.0,
                0.0,
                8.673617379884035e-19
            ],
            [
                0.0,
                -0.04971068444049939,
                0.11293814596303495,
                0.0,
                -0.04971068444049808,
                0.0,
                0.0,
                7.37257477290143e-18
            ],
            [
                -3.469446951953614e-18,
                0.0,
                0.0,
                0.13528960561449668,
                0.0,
                -0.060675192920185826,
                0.042673920710708586,
                0.0
            ],
            [
                0.0,
                0.035119737186712414,
                -0.04971068444049808,
                0.0,
                0.1124025295887,
                0.0,
                0.0,
                3.469446951953614e-18
            ],
            [
                6.5052130349130266e-18,
                0.0,
                0.0,
                -0.060675192920185826,
                0.0,
                0.13899641756892572,
                -0.060675192920186555,
                0.0
            ],
            [
                6.071532165918825e-18,
                0.0,
                0.0,
                0.042673920710708586,
                0.0,
                -0.060675192920186555,
                0.1352896056144975,
                0.0
            ],
            [
                0.0,
                8.673617379884035e-19,
                7.37257477290143e-18,
                0.0,
                3.469446951953614e-18,
                0.0,
                0.0,
                0.1617908726843543
            ]
        ],
        "huber_measure": 0.13526377729086086,
        "chen_measure": 0.07726538461125032
    },
    {
        "d": 7,
        "eps_d": 1.5,
        "matrix": [
            [
                0.0888649766574649,
                0.0,
                0.0,
                3.469446951953614e-18,
                0.0,
                -9.974659986866641e-18,
                8.239936510889834e-18,
                0.0
            ],
            [
                0.0,
                0.11143807531984731,
                -0.049253040826738315,
                0.0,
                0.034801482872125755,
                0.0,
                0.0,
                5.637851296924623e-18
            ],
            [
                0.0,
                -0.049253040826738315,
                0.11188015785989619,
                0.0,
                -0.04925304082674009,
                0.0,
                0.0,
                -3.903127820947816e-18
            ],
            [
                3.469446951953614e-18,
                0.0,
                0.0,
                0.13591662662260776,
                0.0,
                -0.060973562321569724,
                0.04287609905373188,
                0.0
            ],
            [
                0.0,
                0.034801482872125755,
                -0.04925304082674009,
                0.0,
                0.11143807531984712,
                0.0,
                0.0,
                1.0408340855860843e-17
            ],
            [
                -9.974659986866641e-18,
                0.0,
                0.0,
                -0.060973562321569724,
                0.0,
                0.1397305411431052,
                -0.06097356232156746,
                0.0
            ],
            [
                8.239936510889834e-18,
                0.0,
                0.0,
                0.04287609905373188,
                0.0,
                -0.06097356232156746,
                0.13591662662260748,
                0.0
            ],
            [
                0.0,
                5.637851296924623e-18,
                -3.903127820947816e-18,
                0.0,
                1.0408340855860843e-17,
                0.0,
                0.0,
                0.16481492045462406
            ]
        ],
        "huber_measure": 0.13504785377659437,
        "chen_measure": 0.07716650621731727
    },
    {
        "d": 7,
        "eps_d": 1.5999999999999999,
        "matrix": [
            [
                0.08687421076324434,
                0.0,
                0.0,
                -6.938893903907228e-18,
                0.0,
                8.673617379884035e-19,
                8.673617379884035e-18,
                0.0
            ],
            [
                0.0,
                0.11046693499686308,
                -0.048792832675187005,
                0.0,
                0.034481285569793234,
                0.0,
                0.0,
                1.214306433183765e-17
            ],
            [
                0.0,
                -0.048792832675187005,
                0.11081825644452196,
                0.0,
                -0.048792832675185936,
                0.0,
                0.0,
                -8.673617379884035e-19
            ],
            [
                -6.938893903907228e-18,
                0.0,
                0.0,
                0.13652818859103313,
                0.0,
                -0.0612638705731597,
                0.043072455555262075,
                0.0
            ],
            [
                0.0,
                0.034481285569793234,
                -0.048792832675185936,
                0.0,
                0.11046693499686308,
                0.0,
                0.0,
                -6.938893903907228e-18
            ],
            [
                8.673617379884035e-19,
                0.0,
                0.0,
                -0.0612638705731597,
                0.0,
                0.1404467711859017,
                -0.06126387057316058,
                0.0
            ],
            [
                8.673617379884035e-18,
                0.0,
                0.0,
                0.043072455555262075,
                0.0,
                -0.06126387057316058,
                0.13652818859103322,
                0.0
            ],
            [
                0.0,
                1.214306433183765e-17,
                -8.673617379884035e-19,
                0.0,
                -6.938893903907228e-18,
                0.0,
                0.0,
                0.16787051443053944
            ]
        ],
        "huber_measure": 0.13480198337730065,
        "chen_measure": 0.0770449356863855
    },
    {
        "d": 7,
        "eps_d": 1.7,
        "matrix": [
            [
                0.08491781462416977,
                0.0,
                0.0,
                6.938893903907228e-18,
                0.0,
                -9.107298248878237e-18,
                4.7704895589362195e-18,
                0.0
            ],
            [
                0.0,
                0.10948947806458932,
                -0.04833025720440687,
                0.0,
                0.03415928299775972,
                0.0,
                0.0,
                2.168404344971009e-18
            ],
            [
                0.0,
                -0.04833025720440687,
                0.10975290461738434,
                0.0,
                -0.04833025720440803,
                0.0,
                0.0,
                -4.7704895589362195e-18
            ],
            [
                6.938893903907228e-18,
                0.0,
                0.0,
                0.13712413748205438,
                0.0,
                -0.06154598840193195,
                0.043262896028750955,
                0.0
            ],
            [
                0.0,
                0.03415928299775972,
                -0.04833025720440803,
                0.0,
