[
    {
        "d": 9,
        "eps_d": 0.0,
        "matrix": [
            [
                0.12374880324968597,
                0.0,
                0.0,
                0.0,
                0.0,
                -2.6297496426751587e-18,
                1.4165317042104251e-18,
                0.0
            ],
            [
                0.0,
                0.12500000000000155,
                -0.049107363383601776,
                0.0,
                0.034664490525635513,
                0.0,
                0.0,
                -1.4165317042104251e-18
            ],
            [
                0.0,
                -0.049107363383601776,
                0.1262511967503176,
                0.0,
                -0.04910736338360216,
                0.0,
                0.0,
                -4.30914426123207e-18
            ],
            [
                0.0,
                0.0,
                0.0,
                0.1250000000000011,
                0.0,
                -0.0491073633836022,
                0.03466449052563542,
                0.0
            ],
            [
                0.0,
                0.034664490525635513,
                -0.04910736338360216,
                0.0,
                0.12499999999999932,
                0.0,
                0.0,
                0.0
            ],
            [
                -2.6297496426751587e-18,
                0.0,
                0.0,
                -0.0491073633836022,
                0.0,
                0.12625119675031482,
                -0.0491073633836001,
                0.0
            ],
            [
                1.4165317042104251e-18,
                0.0,
                0.0,
                0.03466449052563542,
                0.0,
                -0.0491073633836001,
                0.12499999999999802,
                0.0
            ],
            [
                0.0,
                -1.4165317042104251e-18,
                -4.30914426123207e-18,
                0.0,
                0.0,
                0.0,
                0.0,
                0.12374880324968161
            ]
        ],
        "huber_measure": 0.11625333018541692,
        "chen_measure": 0.0670937771878529
    },
    {
        "d": 9,
        "eps_d": 0.1,
        "matrix": [
            [
                0.12176152390461673,
                0.0,
                0.0,
                3.469446951953614e-18,
                0.0,
                1.5138172833328856e-17,
                -7.562310153086393e-18,
                0.0
            ],
            [
                0.0,
                0.1243442481971189,
                -0.048834134664990425,
                0.0,
                0.03447528088024945,
                0.0,
                0.0,
                -6.315477654728063e-18
            ],
            [
                0.0,
                -0.048834134664990425,
                0.12552379233472336,
                0.0,
                -0.0488341346649917,
                0.0,
                0.0,
                1.2617402782300058e-17
            ],
            [
                3.469446951953614e-18,
                0.0,
                0.0,
                0.12564842485955705,
                0.0,
                -0.04937743503598545,
                0.03485137345290925,
                0.0
            ],
            [
                0.0,
                0.03447528088024945,
                -0.0488341346649917,
                0.0,
                0.12434424819711862,
                0.0,
                0.0,
                3.469446951953614e-18
            ],
            [
                1.5138172833328856e-17,
                0.0,
                0.0,
                -0.04937743503598545,
                0.0,
                0.12697166755100966,
                -0.049377435035984005,
                0.0
            ],
            [
                -7.562310153086393e-18,
                0.0,
                0.0,
                0.03485137345290925,
                0.0,
                -0.049377435035984005,
                0.12564842485955677,
                0.0
            ],
            [
                0.0,
                -6.315477654728063e-18,
                1.2617402782300058e-17,
                0.0,
                3.469446951953614e-18,
                0.0,
                0.0,
                0.12575767009629898
            ]
        ],
        "huber_measure": 0.11623890246275656,
        "chen_measure": 0.067088326035993
    },
    {
        "d": 9,
        "eps_d": 0.2,
        "matrix": [
            [
                0.11979588254281524,
                0.0,
                0.0,
                0.0,
                0.0,
                -8.944667923005412e-19,
                1.0028870095490916e-17,
                0.0
            ],
            [
                0.0,
                0.12368132439365778,
                -0.048557830401794067,
                0.0,
                0.034283802522905124,
                0.0,
                0.0,
                1.0787811616230769e-17
            ],
            [
                0.0,
                -0.048557830401794067,
                0.12478967568282553,
                0.0,
                -0.04855783040179617,
                0.0,
                0.0,
                8.944667923005412e-19
            ],
            [
                0.0,
                0.0,
                0.0,
                0.12628937068079643,
                0.0,
                -0.049644269058114,
                0.035035872368338036,
                0.0
            ],
            [
                0.0,
                0.034283802522905124,
                -0.04855783040179617,
                0.0,
                0.12368132439365774,
                0.0,
                0.0,
                0.0
            ],
            [
                -8.944667923005412e-19,
                0.0,
                0.0,
                -0.049644269058114,
                0.0,
                0.12768498494861294,
                -0.04964426905811188,
                0.0
            ],
            [
                1.0028870095490916e-17,
                0.0,
                0.0,
                0.035035872368338036,
                0.0,
                -0.04964426905811188,
                0.1262893706807965,
                0.0
            ],
            [
                0.0,
                1.0787811616230769e-17,
                8.944667923005412e-19,
                0.0,
                0.0,
                0.0,
                0.0,
                0.12778806667683779
            ]
        ],
        "huber_measure": 0.11625818313710709,
        "chen_measure": 0.06721196438799781
    },
    {
        "d": 9,
        "eps_d": 0.3,
        "matrix": [
            [
                0.11785192233063588,
                0.0,
                0.0,
                3.469446951953614e-18,
                0.0,
                -4.87890977618477e-18,
                1.0408340855860843e-17,
                0.0
            ],
            [
                0.0,
                0.12301138625833394,
                -0.04827853300531364,
                0.0,
                0.03409011412396037,
                0.0,
                0.0,
                1.0408340855860843e-17
            ],
            [
                0.0,
                -0.04827853300531364,
                0.1240490695722882,
                0.0,
                -0.04827853300531601,
                0.0,
                0.0,
                -2.0599841277224584e-18
            ],
            [
                3.469446951953614e-18,
                0.0,
                0.0,
                0.1269226883342286,
                0.0,
                -0.049907785909861044,
                0.03521793073681461,
                0.0
            ],
            [
                0.0,
                0.03409011412396037,
                -0.04827853300531601,
                0.0,
                0.12301138625833383,
                0.0,
                0.0,
                3.469446951953614e-18
            ],
            [
                -4.87890977618477e-18,
                0.0,
                0.0,
                -0.049907785909861044,
                0.0,
                0.12839093093498585,
                -0.049907785909858685,
                0.0
            ],
            [
                1.0408340855860843e-17,
                0.0,
                0.0,
                0.03521793073681461,
                0.0,
                -0.049907785909858685,
                0.12692268833422843,
                0.0
            ],
            [
                0.0,
                1.0408340855860843e-17,
                -2.0599841277224584e-18,
                0.0,
                3.469446951953614e-18,
                0.0,
                0.0,
                0.1298399279769653
            ]
        ],
        "huber_measure": 0.11619233506737361,
        "chen_measure": 0.06704443047375186
    },
    {
        "d": 9,
        "eps_d": 0.4,
        "matrix": [
            [
                0.11592967909942793,
                0.0,
                0.0,
                -1.0408340855860843e-17,
                0.0,
                4.391018798566293e-18,
                -3.469446951953614e-18,
                0.0
            ],
            [
                0.0,
                0.12233459406025537,
                -0.047996325707139895,
                0.0,
                0.033894274967978394,
                0.0,
                0.0,
                -3.469446951953614e-18
            ],
            [
                0.0,
                -0.047996325707139895,
                0.12330219798731612,
                0.0,
                -0.04799632570714146,
                0.0,
                0.0,
                2.5478751053409354e-18
            ],
            [
                -1.0408340855860843e-17,
                0.0,
                0.0,
                0.1275482317693762,
                0.0,
                -0.05016790713953552,
                0.03539749282598006,
                0.0
            ],
            [
                0.0,
                0.033894274967978394,
                -0.04799632570714146,
                0.0,
                0.12233459406025522,
                0.0,
                0.0,
                -1.0408340855860843e-17
            ],
            [
                4.391018798566293e-18,
                0.0,
                0.0,
                -0.05016790713953552,
                0.0,
                0.12908928946951262,
                -0.05016790713953405,
                0.0
            ],
            [
                -3.469446951953614e-18,
                0.0,
                0.0,
                0.03539749282598006,
                0.0,
                -0.05016790713953405,
                0.12754823176937605,
                0.0
            ],
            [
                0.0,
                -3.469446951953614e-18,
                2.5478751053409354e-18,
                0.0,
                -1.0408340855860843e-17,
                0.0,
                0.0,
                0.1319131817844804
            ]
        ],
        "huber_measure": 0.11619254054600266,
        "chen_measure": 0.06777734090371186
    },
    {
        "d": 9,
        "eps_d": 0.5,
        "matrix": [
            [
                0.11402918133567468,
                0.0,
                0.0,
                6.938893903907228e-18,
                0.0,
                -1.463672932855431e-18,
                2.168404344971009e-18,
                0.0
            ],
            [
                0.0,
                0.1216511105397809,
                -0.04771129248850856,
                0.0,
                0.03369634490210237,
                0.0,
                0.0,
                4.7704895589362195e-18
            ],
            [
                0.0,
                -0.04771129248850856,
                0.12254928592534098,
                0.0,
                -0.04771129248850951,
                0.0,
                0.0,
                1.463672932855431e-18
            ],
            [
                6.938893903907228e-18,
                0.0,
                0.0,
                0.12816585812384093,
                0.0,
                -0.05042455544649949,
                0.0355745037481459,
                0.0
            ],
            [
                0.0,
                0.03369634490210237,
                -0.04771129248850951,
                0.0,
                0.12165111053978105,
                0.0,
                0.0,
                6.938893903907228e-18
            ],
            [
                -1.463672932855431e-18,
                0.0,
                0.0,
                -0.05042455544649949,
                0.0,
                0.12977984666399334,
                -0.05042455544649863,
                0.0
            ],
            [
                2.168404344971009e-18,
                0.0,
                0.0,
                0.0355745037481459,
                0.0,
                -0.05042455544649863,
                0.12816585812384115,
                0.0
            ],
            [
                0.0,
                4.7704895589362195e-18,
                1.463672932855431e-18,
                0.0,
                6.938893903907228e-18,
                0.0,
                0.0,
                0.13400774874774693
            ]
        ],
        "huber_measure": 0.1161379524400738,
        "chen_measure": 0.06799234898178444
    },
    {
        "d": 9,
        "eps_d": 0.6,
        "matrix": [
            [
                0.11215045018089943,
                0.0,
                0.0,
                1.0408340855860843e-17,
                0.0,
                2.8189256484623115e-18,
                -9.324138683375338e-18,
                0.0
            ],
            [
                0.0,
                0.12096110077606534,
                -0.04742351800851305,
                0.0,
                0.03349638428287874,
                0.0,
                0.0,
                -1.1492543028346347e-17
            ],
            [
                0.0,
                -0.04742351800851305,
                0.12179055920338352,
                0.0,
                -0.047423518008518434,
                0.0,
                0.0,
                4.119968255444917e-18
            ],
            [
                1.0408340855860843e-17,
                0.0,
                0.0,
                0.12877542782773893,
                0.0,
                -0.050677654741675494,
                0.0357489094998017,
                0.0
            ],
            [
                0.0,
                0.03349638428287874,
                -0.047423518008518434,
                0.0,
                0.12096110077606527,
                0.0,
                0.0,
                3.469446951953614e-18
            ],
            [
                2.8189256484623115e-18,
                0.0,
                0.0,
                -0.050677654741675494,
                0.0,
                0.13046239096450685,
                -0.050677654741670214,
                0.0
            ],
            [
                -9.324138683375338e-18,
                0.0,
                0.0,
                0.0357489094998017,
                0.0,
                -0.050677654741670214,
                0.12877542782773904,
                0.0
            ],
            [
                0.0,
                -1.1492543028346347e-17,
                4.119968255444917e-18,
                0.0,
                3.469446951953614e-18,
                0.0,
                0.0,
                0.13612354244360164
            ]
        ],
        "huber_measure": 0.11608769233817137,
        "chen_measure": 0.06816975438770154
    },
    {
        "d": 9,
        "eps_d": 0.7,
        "matrix": [
            [
                0.11029349944137,
                0.0,
                0.0,
                1.3877787807814457e-17,
                0.0,
                -1.8756697583999227e-17,
                1.2034644114589099e-17,
                0.0
            ],
            [
                0.0,
                0.12026473205155419,
                -0.04713308753141448,
                0.0,
                0.033294453921770724,
                0.0,
                0.0,
                8.782037597132586e-18
            ],
            [
                0.0,
                -0.04713308753141448,
                0.12102624426461839,
                0.0,
                -0.047133087531415534,
                0.0,
                0.0,
                -1.5937771935536915e-17
            ],
            [
                1.3877787807814457e-17,
                0.0,
                0.0,
                0.1293768047033307,
                0.0,
                -0.050927130205815074,
                0.035920656998649006,
                0.0
            ],
            [
                0.0,
                0.033294453921770724,
                -0.047133087531415534,
                0.0,
                0.1202647320515544,
                0.0,
                0.0,
                6.938893903907228e-18
            ],
            [
                -1.8756697583999227e-17,
                0.0,
                0.0,
                -0.050927130205815074,
                0.0,
                0.13113671332973548,
                -0.050927130205814033,
                0.0
            ],
            [
                1.2034644114589099e-17,
                0.0,
                0.0,
                0.035920656998649006,
                0.0,
                -0.050927130205814033,
                0.12937680470333066,
                0.0
            ],
            [
                0.0,
                8.782037597132586e-18,
                -1.5937771935536915e-17,
                0.0,
                6.938893903907228e-18,
                0.0,
                0.0,
                0.13826046945450607
            ]
        ],
        "huber_measure": 0.1160225397591076,
        "chen_measure": 0.06831041894207313
    },
    {
        "d": 9,
        "eps_d": 0.8,
        "matrix": [
            [
                0.10845833560742735,
                0.0,
                0.0,
                -6.938893903907228e-18,
                0.0,
                -2.927345865710862e-18,
                9.107298248878237e-18,
                0.0
            ],
            [
                0.0,
                0.11956217371369297,
                -0.0468400868531596,
                0.0,
                0.03309061502954064,
                0.0,
                0.0,
                1.1709383462843448e-17
            ],
            [
                0.0,
                -0.0468400868531596,
                0.12025656798548555,
                0.0,
                -0.046840086853164487,
                0.0,
                0.0,
                -4.0115480381963664e-18
            ],
            [
                -6.938893903907228e-18,
                0.0,
                0.0,
                0.12996985605969394,
                0.0,
                -0.051172908345461954,
                0.036089694118090376,
                0.0
            ],
            [
                0.0,
                0.03309061502954064,
                -0.046840086853164487,
                0.0,
                0.11956217371369335,
                0.0,
                0.0,
                -6.938893903907228e-18
            ],
            [
                -2.927345865710862e-18,
                0.0,
                0.0,
                -0.051172908345461954,
                0.0,
                0.13180260740542415,
                -0.051172908345457416,
                0.0
            ],
            [
                9.107298248878237e-18,
                0.0,
                0.0,
                0.036089694118090376,
                0.0,
                -0.051172908345457416,
                0.12996985605969377,
                0.0
            ],
            [
                0.0,
                1.1709383462843448e-17,
                -4.0115480381963664e-18,
                0.0,
                -6.938893903907228e-18,
                0.0,
                0.0,
                0.14041842945488894
            ]
        ],
        "huber_measure": 0.11596940047211035,
        "chen_measure": 0.06842081639881306
    },
    {
        "d": 9,
        "eps_d": 0.9,
        "matrix": [
            [
                0.10664495788241708,
                0.0,
                0.0,
                3.469446951953614e-18,
                0.0,
                -9.107298248878237e-18,
                1.5178830414797062e-18,
                0.0
            ],
            [
                0.0,
                0.11885359703412848,
                -0.04654460222732118,
                0.0,
                0.03288492915954313,
                0.0,
                0.0,
                -1.5178830414797062e-18
            ],
            [
                0.0,
                -0.04654460222732118,
                0.11948175748385936,
                0.0,
                -0.046544602227325926,
                0.0,
                0.0,
                -1.1709383462843448e-17
            ],
            [
                3.469446951953614e-18,
                0.0,
                0.0,
                0.13055445278228964,
                0.0,
                -0.0514149170463106,
                0.03625596971892668,
                0.0
            ],
            [
                0.0,
                0.03288492915954313,
                -0.046544602227325926,
                0.0,
                0.11885359703412825,
                0.0,
                0.0,
                3.469446951953614e-18
            ],
            [
                -9.107298248878237e-18,
                0.0,
                0.0,
                -0.0514149170463106,
                0.0,
                0.1324598696944869,
                -0.051414917046306005,
                0.0
            ],
            [
                1.5178830414797062e-18,
                0.0,
                0.0,
                0.03625596971892668,
                0.0,
                -0.051414917046306005,
                0.13055445278228947,
                0.0
            ],
            [
                0.0,
                -1.5178830414797062e-18,
                -1.1709383462843448e-17,
                0.0,
                3.469446951953614e-18,
                0.0,
                0.0,
                0.1425973153064007
            ]
        ],
        "huber_measure": 0.11588329865793841,
        "chen_measure": 0.06849766073418304
    },
    {
        "d": 9,
        "eps_d": 1.0,
        "matrix": [
            [
                0.1048533582210667,
                0.0,
                0.0,
                -1.3877787807814457e-17,
                0.0,
                1.951563910473908e-18,
                -8.673617379884035e-18,
                0.0
            ],
            [
                0.0,
                0.11813917506568286,
                -0.04624672029063507,
                0.0,
                0.03267745815029518,
                0.0,
                0.0,
                -5.204170427930421e-18
            ],
            [
                0.0,
                -0.04624672029063507,
                0.11870203992868318,
                0.0,
                -0.04624672029063719,
                0.0,
                0.0,
                -1.951563910473908e-18
            ],
            [
                -1.3877787807814457e-17,
                0.0,
                0.0,
                0.1311304694173011,
                0.0,
                -0.0516530856240569,
                0.03641943367836847,
                0.0
            ],
            [
                0.0,
                0.03267745815029518,
                -0.04624672029063719,
                0.0,
                0.11813917506568258,
                0.0,
                0.0,
                -6.938893903907228e-18
            ],
            [
                1.951563910473908e-18,
                0.0,
                0.0,
                -0.0516530856240569,
                0.0,
                0.13310829972239005,
                -0.05165308562405464,
                0.0
            ],
            [
                -8.673617379884035e-18,
                0.0,
                0.0,
                0.03641943367836847,
                0.0,
                -0.05165308562405464,
                0.1311304694173006,
                0.0
            ],
            [
                0.0,
                -5.204170427930421e-18,
                -1.951563910473908e-18,
                0.0,
                -6.938893903907228e-18,
                0.0,
                0.0,
                0.14479701316189286
            ]
        ],
        "huber_measure": 0.11579546117935768,
        "chen_measure": 0.06854713000072261
    },
    {
        "d": 9,
        "eps_d": 1.1,
        "matrix": [
            [
                0.10308352137714338,
                0.0,
                0.0,
                -3.469446951953614e-18,
                0.0,
                -3.903127820947816e-18,
                9.107298248878237e-18,
                0.0
            ],
            [
                0.0,
                0.11741908249738758,
                -0.045946527988257435,
                0.0,
                0.03246826406730329,
                0.0,
                0.0,
                1.1709383462843448e-17
            ],
            [
                0.0,
                -0.045946527988257435,
                0.11791764235146063,
                0.0,
                -0.04594652798826001,
                0.0,
                0.0,
                -3.0357660829594124e-18
            ],
            [
                -3.469446951953614e-18,
                0.0,
                0.0,
                0.13169778425063222,
                0.0,
                -0.05188734487242979,
                0.0365800369161022,
                0.0
            ],
            [
                0.0,
                0.03246826406730329,
                -0.04594652798826001,
                0.0,
                0.11741908249738803,
                0.0,
                0.0,
                -3.469446951953614e-18
            ],
            [
                -3.903127820947816e-18,
                0.0,
                0.0,
                -0.05188734487242979,
                0.0,
                0.13374770019743631,
                -0.05188734487242762,
                0.0
            ],
            [
                9.107298248878237e-18,
                0.0,
                0.0,
                0.0365800369161022,
                0.0,
                -0.05188734487242762,
                0.13169778425063255,
                0.0
            ],
            [
                0.0,
                1.1709383462843448e-17,
                -3.0357660829594124e-18,
                0.0,
                -3.469446951953614e-18,
                0.0,
                0.0,
                0.1470174025779193
            ]
        ],
        "huber_measure": 0.11569597567893201,
        "chen_measure": 0.06856746467632556
    },
    {
        "d": 9,
        "eps_d": 1.2,
        "matrix": [
            [
                0.10133542496026952,
                0.0,
                0.0,
                -6.938893903907228e-18,
                0.0,
                4.336808689942018e-18,
                -1.1926223897340549e-17,
                0.0
            ],
            [
                0.0,
                0.1166934955078789,
                -0.04564411249898539,
                0.0,
                0.03225740914443495,
                0.0,
                0.0,
                -8.890457814381136e-18
            ],
            [
                0.0,
                -0.04564411249898539,
                0.11712879146006765,
                0.0,
                -0.045644112498983404,
                0.0,
                0.0,
                2.6020852139652106e-18
            ],
            [
                -6.938893903907228e-18,
                0.0,
                0.0,
                0.13225627938147105,
                0.0,
                -0.05211762710839508,
                0.03673773141742922,
                0.0
            ],
            [
                0.0,
                0.03225740914443495,
                -0.045644112498983404,
                0.0,
                0.11669349550787862,
                0.0,
                0.0,
                -6.938893903907228e-18
            ],
            [
                4.336808689942018e-18,
                0.0,
                0.0,
                -0.05211762710839508,
                0.0,
                0.13437787716554478,
                -0.05211762710839663,
                0.0
            ],
            [
                -1.1926223897340549e-17,
                0.0,
                0.0,
                0.03673773141742922,
                0.0,
                -0.05211762710839663,
                0.1322562793814706,
                0.0
            ],
            [
                0.0,
                -8.890457814381136e-18,
                2.6020852139652106e-18,
                0.0,
                -6.938893903907228e-18,
                0.0,
                0.0,
                0.14925835663541887
            ]
        ],
        "huber_measure": 0.11559991182544592,
        "chen_measure": 0.06856258316920842
    },
    {
        "d": 9,
        "eps_d": 1.3,
        "matrix": [
            [
                0.0996090395015646,
                0.0,
                0.0,
                1.3877787807814457e-17,
                0.0,
                1.2793585635328952e-17,
                -1.7997756063259374e-17,
                0.0
            ],
            [
                0.0,
                0.11596259161742008,
                -0.04533956116053577,
                0.0,
                0.0320449557249711,
                0.0,
                0.0,
                -1.6696713456276768e-17
            ],
            [
                0.0,
                -0.04533956116053577,
                0.11633571345514507,
                0.0,
                -0.0453395611605377,
                0.0,
                0.0,
                8.023096076392733e-18
            ],
            [
                1.3877787807814457e-17,
                0.0,
                0.0,
                0.1328058407903383,
                0.0,
                -0.05234386621446103,
                0.0368924702534237,
                0.0
            ],
            [
                0.0,
                0.0320449557249711,
                -0.0453395611605377,
                0.0,
                0.11596259161742017,
                0.0,
                0.0,
                6.938893903907228e-18
            ],
            [
                1.2793585635328952e-17,
                0.0,
                0.0,
                -0.05234386621446103,
                0.0,
                0.13499864015928664,
                -0.05234386621445947,
                0.0
            ],
            [
                -1.7997756063259374e-17,
                0.0,
                0.0,
                0.0368924702534237,
                0.0,
                -0.05234386621445947,
                0.13280584079033855,
                0.0
            ],
            [
                0.0,
                -1.6696713456276768e-17,
                8.023096076392733e-18,
                0.0,
                6.938893903907228e-18,
                0.0,
                0.0,
                0.1515197420684865
            ]
        ],
        "huber_measure": 0.11547549823912197,
        "chen_measure": 0.0685434458390502
    },
    {
        "d": 9,
        "eps_d": 1.4,
        "matrix": [
            [
                0.09790432852804382,
                0.0,
                0.0,
                1.3877787807814457e-17,
                0.0,
                -8.239936510889834e-18,
                1.0842021724855044e-18,
                0.0
            ],
            [
                0.0,
                0.11522654953888795,
                -0.04503296139509625,
                0.0,
                0.031830966202457386,
                0.0,
                0.0,
                -1.0842021724855044e-18
            ],
            [
                0.0,
                -0.04503296139509625,
                0.11553863384959263,
                0.0,
                -0.045032961395094995,
                0.0,
                0.0,
                -5.637851296924623e-18
            ],
            [
                1.3877787807814457e-17,
                0.0,
                0.0,
                0.1333463584015643,
                0.0,
                -0.05256599767786364,
                0.037044207597961856,
                0.0
            ],
            [
                0.0,
                0.031830966202457386,
                -0.045032961395094995,
                0.0,
                0.11522654953888833,
                0.0,
                0.0,
                1.3877787807814457e-17
            ],
            [
                -8.239936510889834e-18,
                0.0,
                0.0,
                -0.05256599767786364,
                0.0,
                0.13560980234071665,
                -0.05256599767786461,
                0.0
            ],
            [
                1.0842021724855044e-18,
                0.0,
                0.0,
                0.037044207597961856,
                0.0,
                -0.05256599767786461,
                0.13334635840156492,
                0.0
            ],
            [
                0.0,
                -1.0842021724855044e-18,
                -5.637851296924623e-18,
                0.0,
                1.3877787807814457e-17,
                0.0,
                0.0,
                0.1538014194007413
            ]
        ],
        "huber_measure": 0.115336862581252,
        "chen_measure": 0.06851125675075813
    },
    {
        "d": 9,
        "eps_d": 1.5000000000000002,
        "matrix": [
            [
                0.09622124864537515,
                0.0,
                0.0,
                -1.3877787807814457e-17,
                0.0,
                4.336808689942018e-19,
                1.3010426069826053e-18,
                0.0
            ],
            [
                0.0,
                0.11448554902798137,
                -0.04472440063528358,
                0.0,
                0.03161550296164495,
                0.0,
                0.0,
                -1.3010426069826053e-18
            ],
            [
                0.0,
                -0.04472440063528358,
                0.11473777729137169,
                0.0,
                -0.04472440063528755,
                0.0,
                0.0,
                -4.336808689942018e-19
            ],
            [
                -1.3877787807814457e-17,
                0.0,
                0.0,
                0.13387772614013552,
                0.0,
                -0.05278395862675655,
                0.037192898741745126,
                0.0
            ],
            [
                0.0,
                0.03161550296164495,
                -0.04472440063528755,
                0.0,
                0.11448554902798136,
                0.0,
                0.0,
                -6.938893903907228e-18
            ],
            [
                4.336808689942018e-19,
                0.0,
                0.0,
                -0.05278395862675655,
                0.0,
                0.13621118063783397,
                -0.052783958626752114,
                0.0
            ],
            [
                1.3010426069826053e-18,
                0.0,
                0.0,
                0.037192898741745126,
                0.0,
                -0.052783958626752114,
                0.13387772614013568,
                0.0
            ],
            [
                0.0,
                -1.3010426069826053e-18,
                -4.336808689942018e-19,
                0.0,
                -6.938893903907228e-18,
                0.0,
                0.0,
                0.1561032430891852
            ]
        ],
        "huber_measure": 0.11522123092579065,
        "chen_measure": 0.06846712118104052
    },
    {
        "d": 9,
        "eps_d": 1.6,
        "matrix": [
            [
                0.09455974962881018,
                0.0,
                0.0,
                1.0408340855860843e-17,
                0.0,
                -1.496198998029996e-17,
                1.1709383462843448e-17,
                0.0
            ],
            [
                0.0,
                0.11373977073296918,
                -0.04441396625066564,
                0.0,
                0.03139862831948192,
                0.0,
                0.0,
                9.107298248878237e-18
            ],
            [
                0.0,
                -0.04441396625066564,
                0.1139333673900322,
                0.0,
                -0.04441396625066593,
                0.0,
                0.0,
                -1.2793585635328952e-17
            ],
            [
                1.0408340855860843e-17,
                0.0,
                0.0,
                0.1343998419828872,
                0.0,
                -0.052997687863092925,
                0.037338500103060966,
                0.0
            ],
            [
                0.0,
                0.03139862831948192,
                -0.04441396625066593,
                0.0,
                0.1137397707329693,
                0.0,
                0.0,
                1.0408340855860843e-17
            ],
            [
                -1.496198998029996e-17,
                0.0,
                0.0,
                -0.052997687863092925,
                0.0,
                0.13680259587431307,
                -0.05299768786309304,
                0.0
            ],
            [
                1.1709383462843448e-17,
                0.0,
                0.0,
                0.037338500103060966,
                0.0,
                -0.05299768786309304,
                0.13439984198288693,
                0.0
            ],
            [
                0.0,
                9.107298248878237e-18,
                -1.2793585635328952e-17,
                0.0,
                1.0408340855860843e-17,
                0.0,
                0.0,
                0.15842506167513185
            ]
        ],
        "huber_measure": 0.1150789962587347,
        "chen_measure": 0.06841212261498898
    },
    {
        "d": 9,
        "eps_d": 1.7,
        "matrix": [
            [
                0.09291977452193072,
                0.0,
                0.0,
                3.469446951953614e-18,
                0.0,
                2.168404344971009e-19,
                -2.6020852139652106e-18,
                0.0
            ],
            [
                0.0,
                0.11298939604425993,
                -0.04410174547497758,
                0.0,
                0.031180404466519856,
                0.0,
                0.0,
                -4.336808689942018e-18
            ],
            [
                0.0,
                -0.04410174547497758,
                0.11312562654720924,
                0.0,
                -0.04410174547498034,
                0.0,
                0.0,
                -2.168404344971009e-19
            ],
            [
                3.469446951953614e-18,
                0.0,
                0.0,
                0.13491260800402444,
                0.0,
                -0.05320712589237718,
                0.03748096923548954,
                0.0
            ],
